VID	x	y	z
0	0	0	0
1	0.984253	0	0
2	0.984253	0.984253	0
3	0	0.984253	0
4	0.984253	0	0
5	1.96851	0	0
6	1.96851	0.984253	0
7	0.984253	0.984253	0
8	1.96851	0	0
9	2.95276	0	0
10	2.95276	0.984253	0
11	1.96851	0.984253	0
12	2.95276	0	0
13	3.93701	0	0
14	3.93701	0.984253	0
15	2.95276	0.984253	0
16	3.93701	0	0
17	4.92126	0	0
18	4.92126	0.984253	0
19	3.93701	0.984253	0
20	4.92126	0	0
21	5.90552	0	0
22	5.90552	0.984253	0
23	4.92126	0.984253	0
24	5.90552	0	0
25	6.88977	0	0
26	6.88977	0.984253	0
27	5.90552	0.984253	0
28	6.88977	0	0
29	7.87402	0	0
30	7.87402	0.984253	0
31	6.88977	0.984253	0
32	7.87402	0	0
33	8.85827	0	0
34	8.85827	0.984253	0
35	7.87402	0.984253	0
36	8.85827	0	0
37	9.84252	0	0
38	9.84252	0.984253	0
39	8.85827	0.984253	0
40	9.84252	0	0
41	10.8268	0	0
42	10.8268	0.984253	0
43	9.84252	0.984253	0
44	10.8268	0	0
45	11.811	0	0
46	11.811	0.984253	0
47	10.8268	0.984253	0
48	11.811	0	0
49	12.7953	0	0
50	12.7953	0.984253	0
51	11.811	0.984253	0
52	12.7953	0	0
53	13.7795	0	0
54	13.7795	0.984253	0
55	12.7953	0.984253	0
56	13.7795	0	0
57	14.7638	0	0
58	14.7638	0.984253	0
59	13.7795	0.984253	0
60	14.7638	0	0
61	15.748	0	0
62	15.748	0.984253	0
63	14.7638	0.984253	0
64	0	0.984253	0
65	0.984253	0.984253	0
66	0.984253	1.96851	0
67	0	1.96851	0
68	0.984253	0.984253	0
69	1.96851	0.984253	0
70	1.96851	1.96851	0
71	0.984253	1.96851	0
72	1.96851	0.984253	0
73	2.95276	0.984253	0
74	2.95276	1.96851	0
75	1.96851	1.96851	0
76	2.95276	0.984253	0
77	3.93701	0.984253	0
78	3.93701	1.96851	0
79	2.95276	1.96851	0
80	3.93701	0.984253	0
81	4.92126	0.984253	0
82	4.92126	1.96851	0
83	3.93701	1.96851	0
84	4.92126	0.984253	0
85	5.90552	0.984253	0
86	5.90552	1.96851	0
87	4.92126	1.96851	0
88	5.90552	0.984253	0
89	6.88977	0.984253	0
90	6.88977	1.96851	0
91	5.90552	1.96851	0
92	6.88977	0.984253	0
93	7.87402	0.984253	0
94	7.87402	1.96851	0
95	6.88977	1.96851	0
96	7.87402	0.984253	0
97	8.85827	0.984253	0
98	8.85827	1.96851	0
99	7.87402	1.96851	0
100	8.85827	0.984253	0
101	9.84252	0.984253	0
102	9.84252	1.96851	0
103	8.85827	1.96851	0
104	9.84252	0.984253	0
105	10.8268	0.984253	0
106	10.8268	1.96851	0
107	9.84252	1.96851	0
108	10.8268	0.984253	0
109	11.811	0.984253	0
110	11.811	1.96851	0
111	10.8268	1.96851	0
112	11.811	0.984253	0
113	12.7953	0.984253	0
114	12.7953	1.96851	0
115	11.811	1.96851	0
116	12.7953	0.984253	0
117	13.7795	0.984253	0
118	13.7795	1.96851	0
119	12.7953	1.96851	0
120	13.7795	0.984253	0
121	14.7638	0.984253	0
122	14.7638	1.96851	0
123	13.7795	1.96851	0
124	14.7638	0.984253	0
125	15.748	0.984253	0
126	15.748	1.96851	0
127	14.7638	1.96851	0
128	0	1.96851	0
129	0.984253	1.96851	0
130	0.984253	2.95276	0
131	0	2.95276	0
132	0.984253	1.96851	0
133	1.96851	1.96851	0
134	1.96851	2.95276	0
135	0.984253	2.95276	0
136	1.96851	1.96851	0
137	2.95276	1.96851	0
138	2.95276	2.95276	0
139	1.96851	2.95276	0
140	2.95276	1.96851	0
141	3.93701	1.96851	0
142	3.93701	2.95276	0
143	2.95276	2.95276	0
144	3.93701	1.96851	0
145	4.92126	1.96851	0
146	4.92126	2.95276	0
147	3.93701	2.95276	0
148	4.92126	1.96851	0
149	5.90552	1.96851	0
150	5.90552	2.95276	0
151	4.92126	2.95276	0
152	5.90552	1.96851	0
153	6.88977	1.96851	0
154	6.88977	2.95276	0
155	5.90552	2.95276	0
156	6.88977	1.96851	0
157	7.87402	1.96851	0
158	7.87402	2.95276	0
159	6.88977	2.95276	0
160	7.87402	1.96851	0
161	8.85827	1.96851	0
162	8.85827	2.95276	0
163	7.87402	2.95276	0
164	8.85827	1.96851	0
165	9.84252	1.96851	0
166	9.84252	2.95276	0
167	8.85827	2.95276	0
168	9.84252	1.96851	0
169	10.8268	1.96851	0
170	10.8268	2.95276	0
171	9.84252	2.95276	0
172	10.8268	1.96851	0
173	11.811	1.96851	0
174	11.811	2.95276	0
175	10.8268	2.95276	0
176	11.811	1.96851	0
177	12.7953	1.96851	0
178	12.7953	2.95276	0
179	11.811	2.95276	0
180	12.7953	1.96851	0
181	13.7795	1.96851	0
182	13.7795	2.95276	0
183	12.7953	2.95276	0
184	13.7795	1.96851	0
185	14.7638	1.96851	0
186	14.7638	2.95276	0
187	13.7795	2.95276	0
188	14.7638	1.96851	0
189	15.748	1.96851	0
190	15.748	2.95276	0
191	14.7638	2.95276	0
192	0	2.95276	0
193	0.984253	2.95276	0
194	0.984253	3.93701	0
195	0	3.93701	0
196	0.984253	2.95276	0
197	1.96851	2.95276	0
198	1.96851	3.93701	0
199	0.984253	3.93701	0
200	1.96851	2.95276	0
201	2.95276	2.95276	0
202	2.95276	3.93701	0
203	1.96851	3.93701	0
204	2.95276	2.95276	0
205	3.93701	2.95276	0
206	3.93701	3.93701	0
207	2.95276	3.93701	0
208	3.93701	2.95276	0
209	4.92126	2.95276	0
210	4.92126	3.93701	0
211	3.93701	3.93701	0
212	4.92126	2.95276	0
213	5.90552	2.95276	0
214	5.90552	3.93701	0
215	4.92126	3.93701	0
216	5.90552	2.95276	0
217	6.88977	2.95276	0
218	6.88977	3.93701	0
219	5.90552	3.93701	0
220	6.88977	2.95276	0
221	7.87402	2.95276	0
222	7.87402	3.93701	0
223	6.88977	3.93701	0
224	7.87402	2.95276	0
225	8.85827	2.95276	0
226	8.85827	3.93701	0
227	7.87402	3.93701	0
228	8.85827	2.95276	0
229	9.84252	2.95276	0
230	9.84252	3.93701	0
231	8.85827	3.93701	0
232	9.84252	2.95276	0
233	10.8268	2.95276	0
234	10.8268	3.93701	0
235	9.84252	3.93701	0
236	10.8268	2.95276	0
237	11.811	2.95276	0
238	11.811	3.93701	0
239	10.8268	3.93701	0
240	11.811	2.95276	0
241	12.7953	2.95276	0
242	12.7953	3.93701	0
243	11.811	3.93701	0
244	12.7953	2.95276	0
245	13.7795	2.95276	0
246	13.7795	3.93701	0
247	12.7953	3.93701	0
248	13.7795	2.95276	0
249	14.7638	2.95276	0
250	14.7638	3.93701	0
251	13.7795	3.93701	0
252	14.7638	2.95276	0
253	15.748	2.95276	0
254	15.748	3.93701	0
255	14.7638	3.93701	0
256	0	3.93701	0
257	0.984253	3.93701	0
258	0.984253	4.92126	0
259	0	4.92126	0
260	0.984253	3.93701	0
261	1.96851	3.93701	0
262	1.96851	4.92126	0
263	0.984253	4.92126	0
264	1.96851	3.93701	0
265	2.95276	3.93701	0
266	2.95276	4.92126	0
267	1.96851	4.92126	0
268	2.95276	3.93701	0
269	3.93701	3.93701	0
270	3.93701	4.92126	0
271	2.95276	4.92126	0
272	3.93701	3.93701	0
273	4.92126	3.93701	0
274	4.92126	4.92126	0
275	3.93701	4.92126	0
276	4.92126	3.93701	0
277	5.90552	3.93701	0
278	5.90552	4.92126	0
279	4.92126	4.92126	0
280	5.90552	3.93701	0
281	6.88977	3.93701	0
282	6.88977	4.92126	0
283	5.90552	4.92126	0
284	6.88977	3.93701	0
285	7.87402	3.93701	0
286	7.87402	4.92126	0
287	6.88977	4.92126	0
288	7.87402	3.93701	0
289	8.85827	3.93701	0
290	8.85827	4.92126	0
291	7.87402	4.92126	0
292	8.85827	3.93701	0
293	9.84252	3.93701	0
294	9.84252	4.92126	0
295	8.85827	4.92126	0
296	9.84252	3.93701	0
297	10.8268	3.93701	0
298	10.8268	4.92126	0
299	9.84252	4.92126	0
300	10.8268	3.93701	0
301	11.811	3.93701	0
302	11.811	4.92126	0
303	10.8268	4.92126	0
304	11.811	3.93701	0
305	12.7953	3.93701	0
306	12.7953	4.92126	0
307	11.811	4.92126	0
308	12.7953	3.93701	0
309	13.7795	3.93701	0
310	13.7795	4.92126	0
311	12.7953	4.92126	0
312	13.7795	3.93701	0
313	14.7638	3.93701	0
314	14.7638	4.92126	0
315	13.7795	4.92126	0
316	14.7638	3.93701	0
317	15.748	3.93701	0
318	15.748	4.92126	0
319	14.7638	4.92126	0
320	0	4.92126	0
321	0.984253	4.92126	0
322	0.984253	5.90552	0
323	0	5.90552	0
324	0.984253	4.92126	0
325	1.96851	4.92126	0
326	1.96851	5.90552	0
327	0.984253	5.90552	0
328	1.96851	4.92126	0
329	2.95276	4.92126	0
330	2.95276	5.90552	0
331	1.96851	5.90552	0
332	2.95276	4.92126	0
333	3.93701	4.92126	0
334	3.93701	5.90552	0
335	2.95276	5.90552	0
336	3.93701	4.92126	0
337	4.92126	4.92126	0
338	4.92126	5.90552	0
339	3.93701	5.90552	0
340	4.92126	4.92126	0
341	5.90552	4.92126	0
342	5.90552	5.90552	0
343	4.92126	5.90552	0
344	5.90552	4.92126	0
345	6.88977	4.92126	0
346	6.88977	5.90552	0
347	5.90552	5.90552	0
348	6.88977	4.92126	0
349	7.87402	4.92126	0
350	7.87402	5.90552	0
351	6.88977	5.90552	0
352	7.87402	4.92126	0
353	8.85827	4.92126	0
354	8.85827	5.90552	0
355	7.87402	5.90552	0
356	8.85827	4.92126	0
357	9.84252	4.92126	0
358	9.84252	5.90552	0
359	8.85827	5.90552	0
360	9.84252	4.92126	0
361	10.8268	4.92126	0
362	10.8268	5.90552	0
363	9.84252	5.90552	0
364	10.8268	4.92126	0
365	11.811	4.92126	0
366	11.811	5.90552	0
367	10.8268	5.90552	0
368	11.811	4.92126	0
369	12.7953	4.92126	0
370	12.7953	5.90552	0
371	11.811	5.90552	0
372	12.7953	4.92126	0
373	13.7795	4.92126	0
374	13.7795	5.90552	0
375	12.7953	5.90552	0
376	13.7795	4.92126	0
377	14.7638	4.92126	0
378	14.7638	5.90552	0
379	13.7795	5.90552	0
380	14.7638	4.92126	0
381	15.748	4.92126	0
382	15.748	5.90552	0
383	14.7638	5.90552	0
384	0	5.90552	0
385	0.984253	5.90552	0
386	0.984253	6.88977	0
387	0	6.88977	0
388	0.984253	5.90552	0
389	1.96851	5.90552	0
390	1.96851	6.88977	0
391	0.984253	6.88977	0
392	1.96851	5.90552	0
393	2.95276	5.90552	0
394	2.95276	6.88977	0
395	1.96851	6.88977	0
396	2.95276	5.90552	0
397	3.93701	5.90552	0
398	3.93701	6.88977	0
399	2.95276	6.88977	0
400	3.93701	5.90552	0
401	4.92126	5.90552	0
402	4.92126	6.88977	0
403	3.93701	6.88977	0
404	4.92126	5.90552	0
405	5.90552	5.90552	0
406	5.90552	6.88977	0
407	4.92126	6.88977	0
408	5.90552	5.90552	0
409	6.88977	5.90552	0
410	6.88977	6.88977	0
411	5.90552	6.88977	0
412	6.88977	5.90552	0
413	7.87402	5.90552	0
414	7.87402	6.88977	0
415	6.88977	6.88977	0
416	7.87402	5.90552	0
417	8.85827	5.90552	0
418	8.85827	6.88977	0
419	7.87402	6.88977	0
420	8.85827	5.90552	0
421	9.84252	5.90552	0
422	9.84252	6.88977	0
423	8.85827	6.88977	0
424	9.84252	5.90552	0
425	10.8268	5.90552	0
426	10.8268	6.88977	0
427	9.84252	6.88977	0
428	10.8268	5.90552	0
429	11.811	5.90552	0
430	11.811	6.88977	0
431	10.8268	6.88977	0
432	11.811	5.90552	0
433	12.7953	5.90552	0
434	12.7953	6.88977	0
435	11.811	6.88977	0
436	12.7953	5.90552	0
437	13.7795	5.90552	0
438	13.7795	6.88977	0
439	12.7953	6.88977	0
440	13.7795	5.90552	0
441	14.7638	5.90552	0
442	14.7638	6.88977	0
443	13.7795	6.88977	0
444	14.7638	5.90552	0
445	15.748	5.90552	0
446	15.748	6.88977	0
447	14.7638	6.88977	0
448	0	6.88977	0
449	0.984253	6.88977	0
450	0.984253	7.87402	0
451	0	7.87402	0
452	0.984253	6.88977	0
453	1.96851	6.88977	0
454	1.96851	7.87402	0
455	0.984253	7.87402	0
456	1.96851	6.88977	0
457	2.95276	6.88977	0
458	2.95276	7.87402	0
459	1.96851	7.87402	0
460	2.95276	6.88977	0
461	3.93701	6.88977	0
462	3.93701	7.87402	0
463	2.95276	7.87402	0
464	3.93701	6.88977	0
465	4.92126	6.88977	0
466	4.92126	7.87402	0
467	3.93701	7.87402	0
468	4.92126	6.88977	0
469	5.90552	6.88977	0
470	5.90552	7.87402	0
471	4.92126	7.87402	0
472	5.90552	6.88977	0
473	6.88977	6.88977	0
474	6.88977	7.87402	0
475	5.90552	7.87402	0
476	6.88977	6.88977	0
477	7.87402	6.88977	0
478	7.87402	7.87402	0
479	6.88977	7.87402	0
480	7.87402	6.88977	0
481	8.85827	6.88977	0
482	8.85827	7.87402	0
483	7.87402	7.87402	0
484	8.85827	6.88977	0
485	9.84252	6.88977	0
486	9.84252	7.87402	0
487	8.85827	7.87402	0
488	9.84252	6.88977	0
489	10.8268	6.88977	0
490	10.8268	7.87402	0
491	9.84252	7.87402	0
492	10.8268	6.88977	0
493	11.811	6.88977	0
494	11.811	7.87402	0
495	10.8268	7.87402	0
496	11.811	6.88977	0
497	12.7953	6.88977	0
498	12.7953	7.87402	0
499	11.811	7.87402	0
500	12.7953	6.88977	0
501	13.7795	6.88977	0
502	13.7795	7.87402	0
503	12.7953	7.87402	0
504	13.7795	6.88977	0
505	14.7638	6.88977	0
506	14.7638	7.87402	0
507	13.7795	7.87402	0
508	14.7638	6.88977	0
509	15.748	6.88977	0
510	15.748	7.87402	0
511	14.7638	7.87402	0
512	0	7.87402	0
513	0.984253	7.87402	0
514	0.984253	8.85827	0
515	0	8.85827	0
516	0.984253	7.87402	0
517	1.96851	7.87402	0
518	1.96851	8.85827	0
519	0.984253	8.85827	0
520	1.96851	7.87402	0
521	2.95276	7.87402	0
522	2.95276	8.85827	0
523	1.96851	8.85827	0
524	2.95276	7.87402	0
525	3.93701	7.87402	0
526	3.93701	8.85827	0
527	2.95276	8.85827	0
528	3.93701	7.87402	0
529	4.92126	7.87402	0
530	4.92126	8.85827	0
531	3.93701	8.85827	0
532	4.92126	7.87402	0
533	5.90552	7.87402	0
534	5.90552	8.85827	0
535	4.92126	8.85827	0
536	5.90552	7.87402	0
537	6.88977	7.87402	0
538	6.88977	8.85827	0
539	5.90552	8.85827	0
540	6.88977	7.87402	0
541	7.87402	7.87402	0
542	7.87402	8.85827	0
543	6.88977	8.85827	0
544	7.87402	7.87402	0
545	8.85827	7.87402	0
546	8.85827	8.85827	0
547	7.87402	8.85827	0
548	8.85827	7.87402	0
549	9.84252	7.87402	0
550	9.84252	8.85827	0
551	8.85827	8.85827	0
552	9.84252	7.87402	0
553	10.8268	7.87402	0
554	10.8268	8.85827	0
555	9.84252	8.85827	0
556	10.8268	7.87402	0
557	11.811	7.87402	0
558	11.811	8.85827	0
559	10.8268	8.85827	0
560	11.811	7.87402	0
561	12.7953	7.87402	0
562	12.7953	8.85827	0
563	11.811	8.85827	0
564	12.7953	7.87402	0
565	13.7795	7.87402	0
566	13.7795	8.85827	0
567	12.7953	8.85827	0
568	13.7795	7.87402	0
569	14.7638	7.87402	0
570	14.7638	8.85827	0
571	13.7795	8.85827	0
572	14.7638	7.87402	0
573	15.748	7.87402	0
574	15.748	8.85827	0
575	14.7638	8.85827	0
576	0	8.85827	0
577	0.984253	8.85827	0
578	0.984253	9.84252	0
579	0	9.84252	0
580	0.984253	8.85827	0
581	1.96851	8.85827	0
582	1.96851	9.84252	0
583	0.984253	9.84252	0
584	1.96851	8.85827	0
585	2.95276	8.85827	0
586	2.95276	9.84252	0
587	1.96851	9.84252	0
588	2.95276	8.85827	0
589	3.93701	8.85827	0
590	3.93701	9.84252	0
591	2.95276	9.84252	0
592	3.93701	8.85827	0
593	4.92126	8.85827	0
594	4.92126	9.84252	0
595	3.93701	9.84252	0
596	4.92126	8.85827	0
597	5.90552	8.85827	0
598	5.90552	9.84252	0
599	4.92126	9.84252	0
600	5.90552	8.85827	0
601	6.88977	8.85827	0
602	6.88977	9.84252	0
603	5.90552	9.84252	0
604	6.88977	8.85827	0
605	7.87402	8.85827	0
606	7.87402	9.84252	0
607	6.88977	9.84252	0
608	7.87402	8.85827	0
609	8.85827	8.85827	0
610	8.85827	9.84252	0
611	7.87402	9.84252	0
612	8.85827	8.85827	0
613	9.84252	8.85827	0
614	9.84252	9.84252	0
615	8.85827	9.84252	0
616	9.84252	8.85827	0
617	10.8268	8.85827	0
618	10.8268	9.84252	0
619	9.84252	9.84252	0
620	10.8268	8.85827	0
621	11.811	8.85827	0
622	11.811	9.84252	0
623	10.8268	9.84252	0
624	11.811	8.85827	0
625	12.7953	8.85827	0
626	12.7953	9.84252	0
627	11.811	9.84252	0
628	12.7953	8.85827	0
629	13.7795	8.85827	0
630	13.7795	9.84252	0
631	12.7953	9.84252	0
632	13.7795	8.85827	0
633	14.7638	8.85827	0
634	14.7638	9.84252	0
635	13.7795	9.84252	0
636	14.7638	8.85827	0
637	15.748	8.85827	0
638	15.748	9.84252	0
639	14.7638	9.84252	0
640	0	9.84252	0
641	0.984253	9.84252	0
642	0.984253	10.8268	0
643	0	10.8268	0
644	0.984253	9.84252	0
645	1.96851	9.84252	0
646	1.96851	10.8268	0
647	0.984253	10.8268	0
648	1.96851	9.84252	0
649	2.95276	9.84252	0
650	2.95276	10.8268	0
651	1.96851	10.8268	0
652	2.95276	9.84252	0
653	3.93701	9.84252	0
654	3.93701	10.8268	0
655	2.95276	10.8268	0
656	3.93701	9.84252	0
657	4.92126	9.84252	0
658	4.92126	10.8268	0
659	3.93701	10.8268	0
660	4.92126	9.84252	0
661	5.90552	9.84252	0
662	5.90552	10.8268	0
663	4.92126	10.8268	0
664	5.90552	9.84252	0
665	6.88977	9.84252	0
666	6.88977	10.8268	0
667	5.90552	10.8268	0
668	6.88977	9.84252	0
669	7.87402	9.84252	0
670	7.87402	10.8268	0
671	6.88977	10.8268	0
672	7.87402	9.84252	0
673	8.85827	9.84252	0
674	8.85827	10.8268	0
675	7.87402	10.8268	0
676	8.85827	9.84252	0
677	9.84252	9.84252	0
678	9.84252	10.8268	0
679	8.85827	10.8268	0
680	9.84252	9.84252	0
681	10.8268	9.84252	0
682	10.8268	10.8268	0
683	9.84252	10.8268	0
684	10.8268	9.84252	0
685	11.811	9.84252	0
686	11.811	10.8268	0
687	10.8268	10.8268	0
688	11.811	9.84252	0
689	12.7953	9.84252	0
690	12.7953	10.8268	0
691	11.811	10.8268	0
692	12.7953	9.84252	0
693	13.7795	9.84252	0
694	13.7795	10.8268	0
695	12.7953	10.8268	0
696	13.7795	9.84252	0
697	14.7638	9.84252	0
698	14.7638	10.8268	0
699	13.7795	10.8268	0
700	14.7638	9.84252	0
701	15.748	9.84252	0
702	15.748	10.8268	0
703	14.7638	10.8268	0
704	0	10.8268	0
705	0.984253	10.8268	0
706	0.984253	11.811	0
707	0	11.811	0
708	0.984253	10.8268	0
709	1.96851	10.8268	0
710	1.96851	11.811	0
711	0.984253	11.811	0
712	1.96851	10.8268	0
713	2.95276	10.8268	0
714	2.95276	11.811	0
715	1.96851	11.811	0
716	2.95276	10.8268	0
717	3.93701	10.8268	0
718	3.93701	11.811	0
719	2.95276	11.811	0
720	3.93701	10.8268	0
721	4.92126	10.8268	0
722	4.92126	11.811	0
723	3.93701	11.811	0
724	4.92126	10.8268	0
725	5.90552	10.8268	0
726	5.90552	11.811	0
727	4.92126	11.811	0
728	5.90552	10.8268	0
729	6.88977	10.8268	0
730	6.88977	11.811	0
731	5.90552	11.811	0
732	6.88977	10.8268	0
733	7.87402	10.8268	0
734	7.87402	11.811	0
735	6.88977	11.811	0
736	7.87402	10.8268	0
737	8.85827	10.8268	0
738	8.85827	11.811	0
739	7.87402	11.811	0
740	8.85827	10.8268	0
741	9.84252	10.8268	0
742	9.84252	11.811	0
743	8.85827	11.811	0
744	9.84252	10.8268	0
745	10.8268	10.8268	0
746	10.8268	11.811	0
747	9.84252	11.811	0
748	10.8268	10.8268	0
749	11.811	10.8268	0
750	11.811	11.811	0
751	10.8268	11.811	0
752	11.811	10.8268	0
753	12.7953	10.8268	0
754	12.7953	11.811	0
755	11.811	11.811	0
756	12.7953	10.8268	0
757	13.7795	10.8268	0
758	13.7795	11.811	0
759	12.7953	11.811	0
760	13.7795	10.8268	0
761	14.7638	10.8268	0
762	14.7638	11.811	0
763	13.7795	11.811	0
764	14.7638	10.8268	0
765	15.748	10.8268	0
766	15.748	11.811	0
767	14.7638	11.811	0
768	0	11.811	0
769	0.984253	11.811	0
770	0.984253	12.7953	0
771	0	12.7953	0
772	0.984253	11.811	0
773	1.96851	11.811	0
774	1.96851	12.7953	0
775	0.984253	12.7953	0
776	1.96851	11.811	0
777	2.95276	11.811	0
778	2.95276	12.7953	0
779	1.96851	12.7953	0
780	2.95276	11.811	0
781	3.93701	11.811	0
782	3.93701	12.7953	0
783	2.95276	12.7953	0
784	3.93701	11.811	0
785	4.92126	11.811	0
786	4.92126	12.7953	0
787	3.93701	12.7953	0
788	4.92126	11.811	0
789	5.90552	11.811	0
790	5.90552	12.7953	0
791	4.92126	12.7953	0
792	5.90552	11.811	0
793	6.88977	11.811	0
794	6.88977	12.7953	0
795	5.90552	12.7953	0
796	6.88977	11.811	0
797	7.87402	11.811	0
798	7.87402	12.7953	0
799	6.88977	12.7953	0
800	7.87402	11.811	0
801	8.85827	11.811	0
802	8.85827	12.7953	0
803	7.87402	12.7953	0
804	8.85827	11.811	0
805	9.84252	11.811	0
806	9.84252	12.7953	0
807	8.85827	12.7953	0
808	9.84252	11.811	0
809	10.8268	11.811	0
810	10.8268	12.7953	0
811	9.84252	12.7953	0
812	10.8268	11.811	0
813	11.811	11.811	0
814	11.811	12.7953	0
815	10.8268	12.7953	0
816	11.811	11.811	0
817	12.7953	11.811	0
818	12.7953	12.7953	0
819	11.811	12.7953	0
820	12.7953	11.811	0
821	13.7795	11.811	0
822	13.7795	12.7953	0
823	12.7953	12.7953	0
824	13.7795	11.811	0
825	14.7638	11.811	0
826	14.7638	12.7953	0
827	13.7795	12.7953	0
828	14.7638	11.811	0
829	15.748	11.811	0
830	15.748	12.7953	0
831	14.7638	12.7953	0
832	0	12.7953	0
833	0.984253	12.7953	0
834	0.984253	13.7795	0
835	0	13.7795	0
836	0.984253	12.7953	0
837	1.96851	12.7953	0
838	1.96851	13.7795	0
839	0.984253	13.7795	0
840	1.96851	12.7953	0
841	2.95276	12.7953	0
842	2.95276	13.7795	0
843	1.96851	13.7795	0
844	2.95276	12.7953	0
845	3.93701	12.7953	0
846	3.93701	13.7795	0
847	2.95276	13.7795	0
848	3.93701	12.7953	0
849	4.92126	12.7953	0
850	4.92126	13.7795	0
851	3.93701	13.7795	0
852	4.92126	12.7953	0
853	5.90552	12.7953	0
854	5.90552	13.7795	0
855	4.92126	13.7795	0
856	5.90552	12.7953	0
857	6.88977	12.7953	0
858	6.88977	13.7795	0
859	5.90552	13.7795	0
860	6.88977	12.7953	0
861	7.87402	12.7953	0
862	7.87402	13.7795	0
863	6.88977	13.7795	0
864	7.87402	12.7953	0
865	8.85827	12.7953	0
866	8.85827	13.7795	0
867	7.87402	13.7795	0
868	8.85827	12.7953	0
869	9.84252	12.7953	0
870	9.84252	13.7795	0
871	8.85827	13.7795	0
872	9.84252	12.7953	0
873	10.8268	12.7953	0
874	10.8268	13.7795	0
875	9.84252	13.7795	0
876	10.8268	12.7953	0
877	11.811	12.7953	0
878	11.811	13.7795	0
879	10.8268	13.7795	0
880	11.811	12.7953	0
881	12.7953	12.7953	0
882	12.7953	13.7795	0
883	11.811	13.7795	0
884	12.7953	12.7953	0
885	13.7795	12.7953	0
886	13.7795	13.7795	0
887	12.7953	13.7795	0
888	13.7795	12.7953	0
889	14.7638	12.7953	0
890	14.7638	13.7795	0
891	13.7795	13.7795	0
892	14.7638	12.7953	0
893	15.748	12.7953	0
894	15.748	13.7795	0
895	14.7638	13.7795	0
896	0	13.7795	0
897	0.984253	13.7795	0
898	0.984253	14.7638	0
899	0	14.7638	0
900	0.984253	13.7795	0
901	1.96851	13.7795	0
902	1.96851	14.7638	0
903	0.984253	14.7638	0
904	1.96851	13.7795	0
905	2.95276	13.7795	0
906	2.95276	14.7638	0
907	1.96851	14.7638	0
908	2.95276	13.7795	0
909	3.93701	13.7795	0
910	3.93701	14.7638	0
911	2.95276	14.7638	0
912	3.93701	13.7795	0
913	4.92126	13.7795	0
914	4.92126	14.7638	0
915	3.93701	14.7638	0
916	4.92126	13.7795	0
917	5.90552	13.7795	0
918	5.90552	14.7638	0
919	4.92126	14.7638	0
920	5.90552	13.7795	0
921	6.88977	13.7795	0
922	6.88977	14.7638	0
923	5.90552	14.7638	0
924	6.88977	13.7795	0
925	7.87402	13.7795	0
926	7.87402	14.7638	0
927	6.88977	14.7638	0
928	7.87402	13.7795	0
929	8.85827	13.7795	0
930	8.85827	14.7638	0
931	7.87402	14.7638	0
932	8.85827	13.7795	0
933	9.84252	13.7795	0
934	9.84252	14.7638	0
935	8.85827	14.7638	0
936	9.84252	13.7795	0
937	10.8268	13.7795	0
938	10.8268	14.7638	0
939	9.84252	14.7638	0
940	10.8268	13.7795	0
941	11.811	13.7795	0
942	11.811	14.7638	0
943	10.8268	14.7638	0
944	11.811	13.7795	0
945	12.7953	13.7795	0
946	12.7953	14.7638	0
947	11.811	14.7638	0
948	12.7953	13.7795	0
949	13.7795	13.7795	0
950	13.7795	14.7638	0
951	12.7953	14.7638	0
952	13.7795	13.7795	0
953	14.7638	13.7795	0
954	14.7638	14.7638	0
955	13.7795	14.7638	0
956	14.7638	13.7795	0
957	15.748	13.7795	0
958	15.748	14.7638	0
959	14.7638	14.7638	0
960	0	14.7638	0
961	0.984253	14.7638	0
962	0.984253	15.748	0
963	0	15.748	0
964	0.984253	14.7638	0
965	1.96851	14.7638	0
966	1.96851	15.748	0
967	0.984253	15.748	0
968	1.96851	14.7638	0
969	2.95276	14.7638	0
970	2.95276	15.748	0
971	1.96851	15.748	0
972	2.95276	14.7638	0
973	3.93701	14.7638	0
974	3.93701	15.748	0
975	2.95276	15.748	0
976	3.93701	14.7638	0
977	4.92126	14.7638	0
978	4.92126	15.748	0
979	3.93701	15.748	0
980	4.92126	14.7638	0
981	5.90552	14.7638	0
982	5.90552	15.748	0
983	4.92126	15.748	0
984	5.90552	14.7638	0
985	6.88977	14.7638	0
986	6.88977	15.748	0
987	5.90552	15.748	0
988	6.88977	14.7638	0
989	7.87402	14.7638	0
990	7.87402	15.748	0
991	6.88977	15.748	0
992	7.87402	14.7638	0
993	8.85827	14.7638	0
994	8.85827	15.748	0
995	7.87402	15.748	0
996	8.85827	14.7638	0
997	9.84252	14.7638	0
998	9.84252	15.748	0
999	8.85827	15.748	0
1000	9.84252	14.7638	0
1001	10.8268	14.7638	0
1002	10.8268	15.748	0
1003	9.84252	15.748	0
1004	10.8268	14.7638	0
1005	11.811	14.7638	0
1006	11.811	15.748	0
1007	10.8268	15.748	0
1008	11.811	14.7638	0
1009	12.7953	14.7638	0
1010	12.7953	15.748	0
1011	11.811	15.748	0
1012	12.7953	14.7638	0
1013	13.7795	14.7638	0
1014	13.7795	15.748	0
1015	12.7953	15.748	0
1016	13.7795	14.7638	0
1017	14.7638	14.7638	0
1018	14.7638	15.748	0
1019	13.7795	15.748	0
1020	14.7638	14.7638	0
1021	15.748	14.7638	0
1022	15.748	15.748	0
1023	14.7638	15.748	0
1024	17.6654	0	0
1025	18.6496	0	0
1026	18.6496	0.984253	0
1027	17.6654	0.984253	0
1028	18.6496	0	0
1029	19.6339	0	0
1030	19.6339	0.984253	0
1031	18.6496	0.984253	0
1032	19.6339	0	0
1033	20.6181	0	0
1034	20.6181	0.984253	0
1035	19.6339	0.984253	0
1036	20.6181	0	0
1037	21.6024	0	0
1038	21.6024	0.984253	0
1039	20.6181	0.984253	0
1040	21.6024	0	0
1041	22.5866	0	0
1042	22.5866	0.984253	0
1043	21.6024	0.984253	0
1044	22.5866	0	0
1045	23.5709	0	0
1046	23.5709	0.984253	0
1047	22.5866	0.984253	0
1048	23.5709	0	0
1049	24.5551	0	0
1050	24.5551	0.984253	0
1051	23.5709	0.984253	0
1052	24.5551	0	0
1053	25.5394	0	0
1054	25.5394	0.984253	0
1055	24.5551	0.984253	0
1056	25.5394	0	0
1057	26.5236	0	0
1058	26.5236	0.984253	0
1059	25.5394	0.984253	0
1060	26.5236	0	0
1061	27.5079	0	0
1062	27.5079	0.984253	0
1063	26.5236	0.984253	0
1064	27.5079	0	0
1065	28.4921	0	0
1066	28.4921	0.984253	0
1067	27.5079	0.984253	0
1068	28.4921	0	0
1069	29.4764	0	0
1070	29.4764	0.984253	0
1071	28.4921	0.984253	0
1072	29.4764	0	0
1073	30.4606	0	0
1074	30.4606	0.984253	0
1075	29.4764	0.984253	0
1076	30.4606	0	0
1077	31.4449	0	0
1078	31.4449	0.984253	0
1079	30.4606	0.984253	0
1080	31.4449	0	0
1081	32.4291	0	0
1082	32.4291	0.984253	0
1083	31.4449	0.984253	0
1084	32.4291	0	0
1085	33.4134	0	0
1086	33.4134	0.984253	0
1087	32.4291	0.984253	0
1088	17.6654	0.984253	0
1089	18.6496	0.984253	0
1090	18.6496	1.96851	0
1091	17.6654	1.96851	0
1092	18.6496	0.984253	0
1093	19.6339	0.984253	0
1094	19.6339	1.96851	0
1095	18.6496	1.96851	0
1096	19.6339	0.984253	0
1097	20.6181	0.984253	0
1098	20.6181	1.96851	0
1099	19.6339	1.96851	0
1100	20.6181	0.984253	0
1101	21.6024	0.984253	0
1102	21.6024	1.96851	0
1103	20.6181	1.96851	0
1104	21.6024	0.984253	0
1105	22.5866	0.984253	0
1106	22.5866	1.96851	0
1107	21.6024	1.96851	0
1108	22.5866	0.984253	0
1109	23.5709	0.984253	0
1110	23.5709	1.96851	0
1111	22.5866	1.96851	0
1112	23.5709	0.984253	0
1113	24.5551	0.984253	0
1114	24.5551	1.96851	0
1115	23.5709	1.96851	0
1116	24.5551	0.984253	0
1117	25.5394	0.984253	0
1118	25.5394	1.96851	0
1119	24.5551	1.96851	0
1120	25.5394	0.984253	0
1121	26.5236	0.984253	0
1122	26.5236	1.96851	0
1123	25.5394	1.96851	0
1124	26.5236	0.984253	0
1125	27.5079	0.984253	0
1126	27.5079	1.96851	0
1127	26.5236	1.96851	0
1128	27.5079	0.984253	0
1129	28.4921	0.984253	0
1130	28.4921	1.96851	0
1131	27.5079	1.96851	0
1132	28.4921	0.984253	0
1133	29.4764	0.984253	0
1134	29.4764	1.96851	0
1135	28.4921	1.96851	0
1136	29.4764	0.984253	0
1137	30.4606	0.984253	0
1138	30.4606	1.96851	0
1139	29.4764	1.96851	0
1140	30.4606	0.984253	0
1141	31.4449	0.984253	0
1142	31.4449	1.96851	0
1143	30.4606	1.96851	0
1144	31.4449	0.984253	0
1145	32.4291	0.984253	0
1146	32.4291	1.96851	0
1147	31.4449	1.96851	0
1148	32.4291	0.984253	0
1149	33.4134	0.984253	0
1150	33.4134	1.96851	0
1151	32.4291	1.96851	0
1152	17.6654	1.96851	0
1153	18.6496	1.96851	0
1154	18.6496	2.95276	0
1155	17.6654	2.95276	0
1156	18.6496	1.96851	0
1157	19.6339	1.96851	0
1158	19.6339	2.95276	0
1159	18.6496	2.95276	0
1160	19.6339	1.96851	0
1161	20.6181	1.96851	0
1162	20.6181	2.95276	0
1163	19.6339	2.95276	0
1164	20.6181	1.96851	0
1165	21.6024	1.96851	0
1166	21.6024	2.95276	0
1167	20.6181	2.95276	0
1168	21.6024	1.96851	0
1169	22.5866	1.96851	0
1170	22.5866	2.95276	0
1171	21.6024	2.95276	0
1172	22.5866	1.96851	0
1173	23.5709	1.96851	0
1174	23.5709	2.95276	0
1175	22.5866	2.95276	0
1176	23.5709	1.96851	0
1177	24.5551	1.96851	0
1178	24.5551	2.95276	0
1179	23.5709	2.95276	0
1180	24.5551	1.96851	0
1181	25.5394	1.96851	0
1182	25.5394	2.95276	0
1183	24.5551	2.95276	0
1184	25.5394	1.96851	0
1185	26.5236	1.96851	0
1186	26.5236	2.95276	0
1187	25.5394	2.95276	0
1188	26.5236	1.96851	0
1189	27.5079	1.96851	0
1190	27.5079	2.95276	0
1191	26.5236	2.95276	0
1192	27.5079	1.96851	0
1193	28.4921	1.96851	0
1194	28.4921	2.95276	0
1195	27.5079	2.95276	0
1196	28.4921	1.96851	0
1197	29.4764	1.96851	0
1198	29.4764	2.95276	0
1199	28.4921	2.95276	0
1200	29.4764	1.96851	0
1201	30.4606	1.96851	0
1202	30.4606	2.95276	0
1203	29.4764	2.95276	0
1204	30.4606	1.96851	0
1205	31.4449	1.96851	0
1206	31.4449	2.95276	0
1207	30.4606	2.95276	0
1208	31.4449	1.96851	0
1209	32.4291	1.96851	0
1210	32.4291	2.95276	0
1211	31.4449	2.95276	0
1212	32.4291	1.96851	0
1213	33.4134	1.96851	0
1214	33.4134	2.95276	0
1215	32.4291	2.95276	0
1216	17.6654	2.95276	0
1217	18.6496	2.95276	0
1218	18.6496	3.93701	0
1219	17.6654	3.93701	0
1220	18.6496	2.95276	0
1221	19.6339	2.95276	0
1222	19.6339	3.93701	0
1223	18.6496	3.93701	0
1224	19.6339	2.95276	0
1225	20.6181	2.95276	0
1226	20.6181	3.93701	0
1227	19.6339	3.93701	0
1228	20.6181	2.95276	0
1229	21.6024	2.95276	0
1230	21.6024	3.93701	0
1231	20.6181	3.93701	0
1232	21.6024	2.95276	0
1233	22.5866	2.95276	0
1234	22.5866	3.93701	0
1235	21.6024	3.93701	0
1236	22.5866	2.95276	0
1237	23.5709	2.95276	0
1238	23.5709	3.93701	0
1239	22.5866	3.93701	0
1240	23.5709	2.95276	0
1241	24.5551	2.95276	0
1242	24.5551	3.93701	0
1243	23.5709	3.93701	0
1244	24.5551	2.95276	0
1245	25.5394	2.95276	0
1246	25.5394	3.93701	0
1247	24.5551	3.93701	0
1248	25.5394	2.95276	0
1249	26.5236	2.95276	0
1250	26.5236	3.93701	0
1251	25.5394	3.93701	0
1252	26.5236	2.95276	0
1253	27.5079	2.95276	0
1254	27.5079	3.93701	0
1255	26.5236	3.93701	0
1256	27.5079	2.95276	0
1257	28.4921	2.95276	0
1258	28.4921	3.93701	0
1259	27.5079	3.93701	0
1260	28.4921	2.95276	0
1261	29.4764	2.95276	0
1262	29.4764	3.93701	0
1263	28.4921	3.93701	0
1264	29.4764	2.95276	0
1265	30.4606	2.95276	0
1266	30.4606	3.93701	0
1267	29.4764	3.93701	0
1268	30.4606	2.95276	0
1269	31.4449	2.95276	0
1270	31.4449	3.93701	0
1271	30.4606	3.93701	0
1272	31.4449	2.95276	0
1273	32.4291	2.95276	0
1274	32.4291	3.93701	0
1275	31.4449	3.93701	0
1276	32.4291	2.95276	0
1277	33.4134	2.95276	0
1278	33.4134	3.93701	0
1279	32.4291	3.93701	0
1280	17.6654	3.93701	0
1281	18.6496	3.93701	0
1282	18.6496	4.92126	0
1283	17.6654	4.92126	0
1284	18.6496	3.93701	0
1285	19.6339	3.93701	0
1286	19.6339	4.92126	0
1287	18.6496	4.92126	0
1288	19.6339	3.93701	0
1289	20.6181	3.93701	0
1290	20.6181	4.92126	0
1291	19.6339	4.92126	0
1292	20.6181	3.93701	0
1293	21.6024	3.93701	0
1294	21.6024	4.92126	0
1295	20.6181	4.92126	0
1296	21.6024	3.93701	0
1297	22.5866	3.93701	0
1298	22.5866	4.92126	0
1299	21.6024	4.92126	0
1300	22.5866	3.93701	0
1301	23.5709	3.93701	0
1302	23.5709	4.92126	0
1303	22.5866	4.92126	0
1304	23.5709	3.93701	0
1305	24.5551	3.93701	0
1306	24.5551	4.92126	0
1307	23.5709	4.92126	0
1308	24.5551	3.93701	0
1309	25.5394	3.93701	0
1310	25.5394	4.92126	0
1311	24.5551	4.92126	0
1312	25.5394	3.93701	0
1313	26.5236	3.93701	0
1314	26.5236	4.92126	0
1315	25.5394	4.92126	0
1316	26.5236	3.93701	0
1317	27.5079	3.93701	0
1318	27.5079	4.92126	0
1319	26.5236	4.92126	0
1320	27.5079	3.93701	0
1321	28.4921	3.93701	0
1322	28.4921	4.92126	0
1323	27.5079	4.92126	0
1324	28.4921	3.93701	0
1325	29.4764	3.93701	0
1326	29.4764	4.92126	0
1327	28.4921	4.92126	0
1328	29.4764	3.93701	0
1329	30.4606	3.93701	0
1330	30.4606	4.92126	0
1331	29.4764	4.92126	0
1332	30.4606	3.93701	0
1333	31.4449	3.93701	0
1334	31.4449	4.92126	0
1335	30.4606	4.92126	0
1336	31.4449	3.93701	0
1337	32.4291	3.93701	0
1338	32.4291	4.92126	0
1339	31.4449	4.92126	0
1340	32.4291	3.93701	0
1341	33.4134	3.93701	0
1342	33.4134	4.92126	0
1343	32.4291	4.92126	0
1344	17.6654	4.92126	0
1345	18.6496	4.92126	0
1346	18.6496	5.90552	0
1347	17.6654	5.90552	0
1348	18.6496	4.92126	0
1349	19.6339	4.92126	0
1350	19.6339	5.90552	0
1351	18.6496	5.90552	0
1352	19.6339	4.92126	0
1353	20.6181	4.92126	0
1354	20.6181	5.90552	0
1355	19.6339	5.90552	0
1356	20.6181	4.92126	0
1357	21.6024	4.92126	0
1358	21.6024	5.90552	0
1359	20.6181	5.90552	0
1360	21.6024	4.92126	0
1361	22.5866	4.92126	0
1362	22.5866	5.90552	0
1363	21.6024	5.90552	0
1364	22.5866	4.92126	0
1365	23.5709	4.92126	0
1366	23.5709	5.90552	0
1367	22.5866	5.90552	0
1368	23.5709	4.92126	0
1369	24.5551	4.92126	0
1370	24.5551	5.90552	0
1371	23.5709	5.90552	0
1372	24.5551	4.92126	0
1373	25.5394	4.92126	0
1374	25.5394	5.90552	0
1375	24.5551	5.90552	0
1376	25.5394	4.92126	0
1377	26.5236	4.92126	0
1378	26.5236	5.90552	0
1379	25.5394	5.90552	0
1380	26.5236	4.92126	0
1381	27.5079	4.92126	0
1382	27.5079	5.90552	0
1383	26.5236	5.90552	0
1384	27.5079	4.92126	0
1385	28.4921	4.92126	0
1386	28.4921	5.90552	0
1387	27.5079	5.90552	0
1388	28.4921	4.92126	0
1389	29.4764	4.92126	0
1390	29.4764	5.90552	0
1391	28.4921	5.90552	0
1392	29.4764	4.92126	0
1393	30.4606	4.92126	0
1394	30.4606	5.90552	0
1395	29.4764	5.90552	0
1396	30.4606	4.92126	0
1397	31.4449	4.92126	0
1398	31.4449	5.90552	0
1399	30.4606	5.90552	0
1400	31.4449	4.92126	0
1401	32.4291	4.92126	0
1402	32.4291	5.90552	0
1403	31.4449	5.90552	0
1404	32.4291	4.92126	0
1405	33.4134	4.92126	0
1406	33.4134	5.90552	0
1407	32.4291	5.90552	0
1408	17.6654	5.90552	0
1409	18.6496	5.90552	0
1410	18.6496	6.88977	0
1411	17.6654	6.88977	0
1412	18.6496	5.90552	0
1413	19.6339	5.90552	0
1414	19.6339	6.88977	0
1415	18.6496	6.88977	0
1416	19.6339	5.90552	0
1417	20.6181	5.90552	0
1418	20.6181	6.88977	0
1419	19.6339	6.88977	0
1420	20.6181	5.90552	0
1421	21.6024	5.90552	0
1422	21.6024	6.88977	0
1423	20.6181	6.88977	0
1424	21.6024	5.90552	0
1425	22.5866	5.90552	0
1426	22.5866	6.88977	0
1427	21.6024	6.88977	0
1428	22.5866	5.90552	0
1429	23.5709	5.90552	0
1430	23.5709	6.88977	0
1431	22.5866	6.88977	0
1432	23.5709	5.90552	0
1433	24.5551	5.90552	0
1434	24.5551	6.88977	0
1435	23.5709	6.88977	0
1436	24.5551	5.90552	0
1437	25.5394	5.90552	0
1438	25.5394	6.88977	0
1439	24.5551	6.88977	0
1440	25.5394	5.90552	0
1441	26.5236	5.90552	0
1442	26.5236	6.88977	0
1443	25.5394	6.88977	0
1444	26.5236	5.90552	0
1445	27.5079	5.90552	0
1446	27.5079	6.88977	0
1447	26.5236	6.88977	0
1448	27.5079	5.90552	0
1449	28.4921	5.90552	0
1450	28.4921	6.88977	0
1451	27.5079	6.88977	0
1452	28.4921	5.90552	0
1453	29.4764	5.90552	0
1454	29.4764	6.88977	0
1455	28.4921	6.88977	0
1456	29.4764	5.90552	0
1457	30.4606	5.90552	0
1458	30.4606	6.88977	0
1459	29.4764	6.88977	0
1460	30.4606	5.90552	0
1461	31.4449	5.90552	0
1462	31.4449	6.88977	0
1463	30.4606	6.88977	0
1464	31.4449	5.90552	0
1465	32.4291	5.90552	0
1466	32.4291	6.88977	0
1467	31.4449	6.88977	0
1468	32.4291	5.90552	0
1469	33.4134	5.90552	0
1470	33.4134	6.88977	0
1471	32.4291	6.88977	0
1472	17.6654	6.88977	0
1473	18.6496	6.88977	0
1474	18.6496	7.87402	0
1475	17.6654	7.87402	0
1476	18.6496	6.88977	0
1477	19.6339	6.88977	0
1478	19.6339	7.87402	0
1479	18.6496	7.87402	0
1480	19.6339	6.88977	0
1481	20.6181	6.88977	0
1482	20.6181	7.87402	0
1483	19.6339	7.87402	0
1484	20.6181	6.88977	0
1485	21.6024	6.88977	0
1486	21.6024	7.87402	0
1487	20.6181	7.87402	0
1488	21.6024	6.88977	0
1489	22.5866	6.88977	0
1490	22.5866	7.87402	0
1491	21.6024	7.87402	0
1492	22.5866	6.88977	0
1493	23.5709	6.88977	0
1494	23.5709	7.87402	0
1495	22.5866	7.87402	0
1496	23.5709	6.88977	0
1497	24.5551	6.88977	0
1498	24.5551	7.87402	0
1499	23.5709	7.87402	0
1500	24.5551	6.88977	0
1501	25.5394	6.88977	0
1502	25.5394	7.87402	0
1503	24.5551	7.87402	0
1504	25.5394	6.88977	0
1505	26.5236	6.88977	0
1506	26.5236	7.87402	0
1507	25.5394	7.87402	0
1508	26.5236	6.88977	0
1509	27.5079	6.88977	0
1510	27.5079	7.87402	0
1511	26.5236	7.87402	0
1512	27.5079	6.88977	0
1513	28.4921	6.88977	0
1514	28.4921	7.87402	0
1515	27.5079	7.87402	0
1516	28.4921	6.88977	0
1517	29.4764	6.88977	0
1518	29.4764	7.87402	0
1519	28.4921	7.87402	0
1520	29.4764	6.88977	0
1521	30.4606	6.88977	0
1522	30.4606	7.87402	0
1523	29.4764	7.87402	0
1524	30.4606	6.88977	0
1525	31.4449	6.88977	0
1526	31.4449	7.87402	0
1527	30.4606	7.87402	0
1528	31.4449	6.88977	0
1529	32.4291	6.88977	0
1530	32.4291	7.87402	0
1531	31.4449	7.87402	0
1532	32.4291	6.88977	0
1533	33.4134	6.88977	0
1534	33.4134	7.87402	0
1535	32.4291	7.87402	0
1536	17.6654	7.87402	0
1537	18.6496	7.87402	0
1538	18.6496	8.85827	0
1539	17.6654	8.85827	0
1540	18.6496	7.87402	0
1541	19.6339	7.87402	0
1542	19.6339	8.85827	0
1543	18.6496	8.85827	0
1544	19.6339	7.87402	0
1545	20.6181	7.87402	0
1546	20.6181	8.85827	0
1547	19.6339	8.85827	0
1548	20.6181	7.87402	0
1549	21.6024	7.87402	0
1550	21.6024	8.85827	0
1551	20.6181	8.85827	0
1552	21.6024	7.87402	0
1553	22.5866	7.87402	0
1554	22.5866	8.85827	0
1555	21.6024	8.85827	0
1556	22.5866	7.87402	0
1557	23.5709	7.87402	0
1558	23.5709	8.85827	0
1559	22.5866	8.85827	0
1560	23.5709	7.87402	0
1561	24.5551	7.87402	0
1562	24.5551	8.85827	0
1563	23.5709	8.85827	0
1564	24.5551	7.87402	0
1565	25.5394	7.87402	0
1566	25.5394	8.85827	0
1567	24.5551	8.85827	0
1568	25.5394	7.87402	0
1569	26.5236	7.87402	0
1570	26.5236	8.85827	0
1571	25.5394	8.85827	0
1572	26.5236	7.87402	0
1573	27.5079	7.87402	0
1574	27.5079	8.85827	0
1575	26.5236	8.85827	0
1576	27.5079	7.87402	0
1577	28.4921	7.87402	0
1578	28.4921	8.85827	0
1579	27.5079	8.85827	0
1580	28.4921	7.87402	0
1581	29.4764	7.87402	0
1582	29.4764	8.85827	0
1583	28.4921	8.85827	0
1584	29.4764	7.87402	0
1585	30.4606	7.87402	0
1586	30.4606	8.85827	0
1587	29.4764	8.85827	0
1588	30.4606	7.87402	0
1589	31.4449	7.87402	0
1590	31.4449	8.85827	0
1591	30.4606	8.85827	0
1592	31.4449	7.87402	0
1593	32.4291	7.87402	0
1594	32.4291	8.85827	0
1595	31.4449	8.85827	0
1596	32.4291	7.87402	0
1597	33.4134	7.87402	0
1598	33.4134	8.85827	0
1599	32.4291	8.85827	0
1600	17.6654	8.85827	0
1601	18.6496	8.85827	0
1602	18.6496	9.84252	0
1603	17.6654	9.84252	0
1604	18.6496	8.85827	0
1605	19.6339	8.85827	0
1606	19.6339	9.84252	0
1607	18.6496	9.84252	0
1608	19.6339	8.85827	0
1609	20.6181	8.85827	0
1610	20.6181	9.84252	0
1611	19.6339	9.84252	0
1612	20.6181	8.85827	0
1613	21.6024	8.85827	0
1614	21.6024	9.84252	0
1615	20.6181	9.84252	0
1616	21.6024	8.85827	0
1617	22.5866	8.85827	0
1618	22.5866	9.84252	0
1619	21.6024	9.84252	0
1620	22.5866	8.85827	0
1621	23.5709	8.85827	0
1622	23.5709	9.84252	0
1623	22.5866	9.84252	0
1624	23.5709	8.85827	0
1625	24.5551	8.85827	0
1626	24.5551	9.84252	0
1627	23.5709	9.84252	0
1628	24.5551	8.85827	0
1629	25.5394	8.85827	0
1630	25.5394	9.84252	0
1631	24.5551	9.84252	0
1632	25.5394	8.85827	0
1633	26.5236	8.85827	0
1634	26.5236	9.84252	0
1635	25.5394	9.84252	0
1636	26.5236	8.85827	0
1637	27.5079	8.85827	0
1638	27.5079	9.84252	0
1639	26.5236	9.84252	0
1640	27.5079	8.85827	0
1641	28.4921	8.85827	0
1642	28.4921	9.84252	0
1643	27.5079	9.84252	0
1644	28.4921	8.85827	0
1645	29.4764	8.85827	0
1646	29.4764	9.84252	0
1647	28.4921	9.84252	0
1648	29.4764	8.85827	0
1649	30.4606	8.85827	0
1650	30.4606	9.84252	0
1651	29.4764	9.84252	0
1652	30.4606	8.85827	0
1653	31.4449	8.85827	0
1654	31.4449	9.84252	0
1655	30.4606	9.84252	0
1656	31.4449	8.85827	0
1657	32.4291	8.85827	0
1658	32.4291	9.84252	0
1659	31.4449	9.84252	0
1660	32.4291	8.85827	0
1661	33.4134	8.85827	0
1662	33.4134	9.84252	0
1663	32.4291	9.84252	0
1664	17.6654	9.84252	0
1665	18.6496	9.84252	0
1666	18.6496	10.8268	0
1667	17.6654	10.8268	0
1668	18.6496	9.84252	0
1669	19.6339	9.84252	0
1670	19.6339	10.8268	0
1671	18.6496	10.8268	0
1672	19.6339	9.84252	0
1673	20.6181	9.84252	0
1674	20.6181	10.8268	0
1675	19.6339	10.8268	0
1676	20.6181	9.84252	0
1677	21.6024	9.84252	0
1678	21.6024	10.8268	0
1679	20.6181	10.8268	0
1680	21.6024	9.84252	0
1681	22.5866	9.84252	0
1682	22.5866	10.8268	0
1683	21.6024	10.8268	0
1684	22.5866	9.84252	0
1685	23.5709	9.84252	0
1686	23.5709	10.8268	0
1687	22.5866	10.8268	0
1688	23.5709	9.84252	0
1689	24.5551	9.84252	0
1690	24.5551	10.8268	0
1691	23.5709	10.8268	0
1692	24.5551	9.84252	0
1693	25.5394	9.84252	0
1694	25.5394	10.8268	0
1695	24.5551	10.8268	0
1696	25.5394	9.84252	0
1697	26.5236	9.84252	0
1698	26.5236	10.8268	0
1699	25.5394	10.8268	0
1700	26.5236	9.84252	0
1701	27.5079	9.84252	0
1702	27.5079	10.8268	0
1703	26.5236	10.8268	0
1704	27.5079	9.84252	0
1705	28.4921	9.84252	0
1706	28.4921	10.8268	0
1707	27.5079	10.8268	0
1708	28.4921	9.84252	0
1709	29.4764	9.84252	0
1710	29.4764	10.8268	0
1711	28.4921	10.8268	0
1712	29.4764	9.84252	0
1713	30.4606	9.84252	0
1714	30.4606	10.8268	0
1715	29.4764	10.8268	0
1716	30.4606	9.84252	0
1717	31.4449	9.84252	0
1718	31.4449	10.8268	0
1719	30.4606	10.8268	0
1720	31.4449	9.84252	0
1721	32.4291	9.84252	0
1722	32.4291	10.8268	0
1723	31.4449	10.8268	0
1724	32.4291	9.84252	0
1725	33.4134	9.84252	0
1726	33.4134	10.8268	0
1727	32.4291	10.8268	0
1728	17.6654	10.8268	0
1729	18.6496	10.8268	0
1730	18.6496	11.811	0
1731	17.6654	11.811	0
1732	18.6496	10.8268	0
1733	19.6339	10.8268	0
1734	19.6339	11.811	0
1735	18.6496	11.811	0
1736	19.6339	10.8268	0
1737	20.6181	10.8268	0
1738	20.6181	11.811	0
1739	19.6339	11.811	0
1740	20.6181	10.8268	0
1741	21.6024	10.8268	0
1742	21.6024	11.811	0
1743	20.6181	11.811	0
1744	21.6024	10.8268	0
1745	22.5866	10.8268	0
1746	22.5866	11.811	0
1747	21.6024	11.811	0
1748	22.5866	10.8268	0
1749	23.5709	10.8268	0
1750	23.5709	11.811	0
1751	22.5866	11.811	0
1752	23.5709	10.8268	0
1753	24.5551	10.8268	0
1754	24.5551	11.811	0
1755	23.5709	11.811	0
1756	24.5551	10.8268	0
1757	25.5394	10.8268	0
1758	25.5394	11.811	0
1759	24.5551	11.811	0
1760	25.5394	10.8268	0
1761	26.5236	10.8268	0
1762	26.5236	11.811	0
1763	25.5394	11.811	0
1764	26.5236	10.8268	0
1765	27.5079	10.8268	0
1766	27.5079	11.811	0
1767	26.5236	11.811	0
1768	27.5079	10.8268	0
1769	28.4921	10.8268	0
1770	28.4921	11.811	0
1771	27.5079	11.811	0
1772	28.4921	10.8268	0
1773	29.4764	10.8268	0
1774	29.4764	11.811	0
1775	28.4921	11.811	0
1776	29.4764	10.8268	0
1777	30.4606	10.8268	0
1778	30.4606	11.811	0
1779	29.4764	11.811	0
1780	30.4606	10.8268	0
1781	31.4449	10.8268	0
1782	31.4449	11.811	0
1783	30.4606	11.811	0
1784	31.4449	10.8268	0
1785	32.4291	10.8268	0
1786	32.4291	11.811	0
1787	31.4449	11.811	0
1788	32.4291	10.8268	0
1789	33.4134	10.8268	0
1790	33.4134	11.811	0
1791	32.4291	11.811	0
1792	17.6654	11.811	0
1793	18.6496	11.811	0
1794	18.6496	12.7953	0
1795	17.6654	12.7953	0
1796	18.6496	11.811	0
1797	19.6339	11.811	0
1798	19.6339	12.7953	0
1799	18.6496	12.7953	0
1800	19.6339	11.811	0
1801	20.6181	11.811	0
1802	20.6181	12.7953	0
1803	19.6339	12.7953	0
1804	20.6181	11.811	0
1805	21.6024	11.811	0
1806	21.6024	12.7953	0
1807	20.6181	12.7953	0
1808	21.6024	11.811	0
1809	22.5866	11.811	0
1810	22.5866	12.7953	0
1811	21.6024	12.7953	0
1812	22.5866	11.811	0
1813	23.5709	11.811	0
1814	23.5709	12.7953	0
1815	22.5866	12.7953	0
1816	23.5709	11.811	0
1817	24.5551	11.811	0
1818	24.5551	12.7953	0
1819	23.5709	12.7953	0
1820	24.5551	11.811	0
1821	25.5394	11.811	0
1822	25.5394	12.7953	0
1823	24.5551	12.7953	0
1824	25.5394	11.811	0
1825	26.5236	11.811	0
1826	26.5236	12.7953	0
1827	25.5394	12.7953	0
1828	26.5236	11.811	0
1829	27.5079	11.811	0
1830	27.5079	12.7953	0
1831	26.5236	12.7953	0
1832	27.5079	11.811	0
1833	28.4921	11.811	0
1834	28.4921	12.7953	0
1835	27.5079	12.7953	0
1836	28.4921	11.811	0
1837	29.4764	11.811	0
1838	29.4764	12.7953	0
1839	28.4921	12.7953	0
1840	29.4764	11.811	0
1841	30.4606	11.811	0
1842	30.4606	12.7953	0
1843	29.4764	12.7953	0
1844	30.4606	11.811	0
1845	31.4449	11.811	0
1846	31.4449	12.7953	0
1847	30.4606	12.7953	0
1848	31.4449	11.811	0
1849	32.4291	11.811	0
1850	32.4291	12.7953	0
1851	31.4449	12.7953	0
1852	32.4291	11.811	0
1853	33.4134	11.811	0
1854	33.4134	12.7953	0
1855	32.4291	12.7953	0
1856	17.6654	12.7953	0
1857	18.6496	12.7953	0
1858	18.6496	13.7795	0
1859	17.6654	13.7795	0
1860	18.6496	12.7953	0
1861	19.6339	12.7953	0
1862	19.6339	13.7795	0
1863	18.6496	13.7795	0
1864	19.6339	12.7953	0
1865	20.6181	12.7953	0
1866	20.6181	13.7795	0
1867	19.6339	13.7795	0
1868	20.6181	12.7953	0
1869	21.6024	12.7953	0
1870	21.6024	13.7795	0
1871	20.6181	13.7795	0
1872	21.6024	12.7953	0
1873	22.5866	12.7953	0
1874	22.5866	13.7795	0
1875	21.6024	13.7795	0
1876	22.5866	12.7953	0
1877	23.5709	12.7953	0
1878	23.5709	13.7795	0
1879	22.5866	13.7795	0
1880	23.5709	12.7953	0
1881	24.5551	12.7953	0
1882	24.5551	13.7795	0
1883	23.5709	13.7795	0
1884	24.5551	12.7953	0
1885	25.5394	12.7953	0
1886	25.5394	13.7795	0
1887	24.5551	13.7795	0
1888	25.5394	12.7953	0
1889	26.5236	12.7953	0
1890	26.5236	13.7795	0
1891	25.5394	13.7795	0
1892	26.5236	12.7953	0
1893	27.5079	12.7953	0
1894	27.5079	13.7795	0
1895	26.5236	13.7795	0
1896	27.5079	12.7953	0
1897	28.4921	12.7953	0
1898	28.4921	13.7795	0
1899	27.5079	13.7795	0
1900	28.4921	12.7953	0
1901	29.4764	12.7953	0
1902	29.4764	13.7795	0
1903	28.4921	13.7795	0
1904	29.4764	12.7953	0
1905	30.4606	12.7953	0
1906	30.4606	13.7795	0
1907	29.4764	13.7795	0
1908	30.4606	12.7953	0
1909	31.4449	12.7953	0
1910	31.4449	13.7795	0
1911	30.4606	13.7795	0
1912	31.4449	12.7953	0
1913	32.4291	12.7953	0
1914	32.4291	13.7795	0
1915	31.4449	13.7795	0
1916	32.4291	12.7953	0
1917	33.4134	12.7953	0
1918	33.4134	13.7795	0
1919	32.4291	13.7795	0
1920	17.6654	13.7795	0
1921	18.6496	13.7795	0
1922	18.6496	14.7638	0
1923	17.6654	14.7638	0
1924	18.6496	13.7795	0
1925	19.6339	13.7795	0
1926	19.6339	14.7638	0
1927	18.6496	14.7638	0
1928	19.6339	13.7795	0
1929	20.6181	13.7795	0
1930	20.6181	14.7638	0
1931	19.6339	14.7638	0
1932	20.6181	13.7795	0
1933	21.6024	13.7795	0
1934	21.6024	14.7638	0
1935	20.6181	14.7638	0
1936	21.6024	13.7795	0
1937	22.5866	13.7795	0
1938	22.5866	14.7638	0
1939	21.6024	14.7638	0
1940	22.5866	13.7795	0
1941	23.5709	13.7795	0
1942	23.5709	14.7638	0
1943	22.5866	14.7638	0
1944	23.5709	13.7795	0
1945	24.5551	13.7795	0
1946	24.5551	14.7638	0
1947	23.5709	14.7638	0
1948	24.5551	13.7795	0
1949	25.5394	13.7795	0
1950	25.5394	14.7638	0
1951	24.5551	14.7638	0
1952	25.5394	13.7795	0
1953	26.5236	13.7795	0
1954	26.5236	14.7638	0
1955	25.5394	14.7638	0
1956	26.5236	13.7795	0
1957	27.5079	13.7795	0
1958	27.5079	14.7638	0
1959	26.5236	14.7638	0
1960	27.5079	13.7795	0
1961	28.4921	13.7795	0
1962	28.4921	14.7638	0
1963	27.5079	14.7638	0
1964	28.4921	13.7795	0
1965	29.4764	13.7795	0
1966	29.4764	14.7638	0
1967	28.4921	14.7638	0
1968	29.4764	13.7795	0
1969	30.4606	13.7795	0
1970	30.4606	14.7638	0
1971	29.4764	14.7638	0
1972	30.4606	13.7795	0
1973	31.4449	13.7795	0
1974	31.4449	14.7638	0
1975	30.4606	14.7638	0
1976	31.4449	13.7795	0
1977	32.4291	13.7795	0
1978	32.4291	14.7638	0
1979	31.4449	14.7638	0
1980	32.4291	13.7795	0
1981	33.4134	13.7795	0
1982	33.4134	14.7638	0
1983	32.4291	14.7638	0
1984	17.6654	14.7638	0
1985	18.6496	14.7638	0
1986	18.6496	15.748	0
1987	17.6654	15.748	0
1988	18.6496	14.7638	0
1989	19.6339	14.7638	0
1990	19.6339	15.748	0
1991	18.6496	15.748	0
1992	19.6339	14.7638	0
1993	20.6181	14.7638	0
1994	20.6181	15.748	0
1995	19.6339	15.748	0
1996	20.6181	14.7638	0
1997	21.6024	14.7638	0
1998	21.6024	15.748	0
1999	20.6181	15.748	0
2000	21.6024	14.7638	0
2001	22.5866	14.7638	0
2002	22.5866	15.748	0
2003	21.6024	15.748	0
2004	22.5866	14.7638	0
2005	23.5709	14.7638	0
2006	23.5709	15.748	0
2007	22.5866	15.748	0
2008	23.5709	14.7638	0
2009	24.5551	14.7638	0
2010	24.5551	15.748	0
2011	23.5709	15.748	0
2012	24.5551	14.7638	0
2013	25.5394	14.7638	0
2014	25.5394	15.748	0
2015	24.5551	15.748	0
2016	25.5394	14.7638	0
2017	26.5236	14.7638	0
2018	26.5236	15.748	0
2019	25.5394	15.748	0
2020	26.5236	14.7638	0
2021	27.5079	14.7638	0
2022	27.5079	15.748	0
2023	26.5236	15.748	0
2024	27.5079	14.7638	0
2025	28.4921	14.7638	0
2026	28.4921	15.748	0
2027	27.5079	15.748	0
2028	28.4921	14.7638	0
2029	29.4764	14.7638	0
2030	29.4764	15.748	0
2031	28.4921	15.748	0
2032	29.4764	14.7638	0
2033	30.4606	14.7638	0
2034	30.4606	15.748	0
2035	29.4764	15.748	0
2036	30.4606	14.7638	0
2037	31.4449	14.7638	0
2038	31.4449	15.748	0
2039	30.4606	15.748	0
2040	31.4449	14.7638	0
2041	32.4291	14.7638	0
2042	32.4291	15.748	0
2043	31.4449	15.748	0
2044	32.4291	14.7638	0
2045	33.4134	14.7638	0
2046	33.4134	15.748	0
2047	32.4291	15.748	0
