VID	x	y	z
0	0	0	0
1	0.236	0	0
2	0.472	0	0
3	0.708	0	0
4	0.944	0	0
5	1.18	0	0
6	1.416	0	0
7	1.652	0	0
8	1.888	0	0
9	2.124	0	0
10	2.36	0	0
11	2.596	0	0
12	2.832	0	0
13	3.068	0	0
14	3.304	0	0
15	3.54	0	0
16	3.776	0	0
17	4.012	0	0
18	4.248	0	0
19	4.484	0	0
20	4.72	0	0
21	4.956	0	0
22	5.192	0	0
23	5.428	0	0
24	5.664	0	0
25	5.9	0	0
26	6.136	0	0
27	6.372	0	0
28	0	0.236	0
29	0.236	0.236	0
30	0.472	0.236	0
31	0.708	0.236	0
32	0.944	0.236	0
33	1.18	0.236	0
34	1.416	0.236	0
35	1.652	0.236	0
36	1.888	0.236	0
37	2.124	0.236	0
38	2.36	0.236	0
39	2.596	0.236	0
40	2.832	0.236	0
41	3.068	0.236	0
42	3.304	0.236	0
43	3.54	0.236	0
44	3.776	0.236	0
45	4.012	0.236	0
46	4.248	0.236	0
47	4.484	0.236	0
48	4.72	0.236	0
49	4.956	0.236	0
50	5.192	0.236	0
51	5.428	0.236	0
52	5.664	0.236	0
53	5.9	0.236	0
54	6.136	0.236	0
55	6.372	0.236	0
56	0	0.472	0
57	0.236	0.472	0
58	0.472	0.472	0
59	0.708	0.472	0
60	0.944	0.472	0
61	1.18	0.472	0
62	1.416	0.472	0
63	1.652	0.472	0
64	1.888	0.472	0
65	2.124	0.472	0
66	2.36	0.472	0
67	2.596	0.472	0
68	2.832	0.472	0
69	3.068	0.472	0
70	3.304	0.472	0
71	3.54	0.472	0
72	3.776	0.472	0
73	4.012	0.472	0
74	4.248	0.472	0
75	4.484	0.472	0
76	4.72	0.472	0
77	4.956	0.472	0
78	5.192	0.472	0
79	5.428	0.472	0
80	5.664	0.472	0
81	5.9	0.472	0
82	6.136	0.472	0
83	6.372	0.472	0
84	0	0.708	0
85	0.236	0.708	0
86	0.472	0.708	0
87	0.708	0.708	0
88	0.944	0.708	0
89	1.18	0.708	0
90	1.416	0.708	0
91	1.652	0.708	0
92	1.888	0.708	0
93	2.124	0.708	0
94	2.36	0.708	0
95	2.596	0.708	0
96	2.832	0.708	0
97	3.068	0.708	0
98	3.304	0.708	0
99	3.54	0.708	0
100	3.776	0.708	0
101	4.012	0.708	0
102	4.248	0.708	0
103	4.484	0.708	0
104	4.72	0.708	0
105	4.956	0.708	0
106	5.192	0.708	0
107	5.428	0.708	0
108	5.664	0.708	0
109	5.9	0.708	0
110	6.136	0.708	0
111	6.372	0.708	0
112	0	0.944	0
113	0.236	0.944	0
114	0.472	0.944	0
115	0.708	0.944	0
116	0.944	0.944	0
117	1.18	0.944	0
118	1.416	0.944	0
119	1.652	0.944	0
120	1.888	0.944	0
121	2.124	0.944	0
122	2.36	0.944	0
123	2.596	0.944	0
124	2.832	0.944	0
125	3.068	0.944	0
126	3.304	0.944	0
127	3.54	0.944	0
128	3.776	0.944	0
129	4.012	0.944	0
130	4.248	0.944	0
131	4.484	0.944	0
132	4.72	0.944	0
133	4.956	0.944	0
134	5.192	0.944	0
135	5.428	0.944	0
136	5.664	0.944	0
137	5.9	0.944	0
138	6.136	0.944	0
139	6.372	0.944	0
140	0	1.18	0
141	0.236	1.18	0
142	0.472	1.18	0
143	0.708	1.18	0
144	0.944	1.18	0
145	1.18	1.18	0
146	1.416	1.18	0
147	1.652	1.18	0
148	1.888	1.18	0
149	2.124	1.18	0
150	2.36	1.18	0
151	2.596	1.18	0
152	2.832	1.18	0
153	3.068	1.18	0
154	3.304	1.18	0
155	3.54	1.18	0
156	3.776	1.18	0
157	4.012	1.18	0
158	4.248	1.18	0
159	4.484	1.18	0
160	4.72	1.18	0
161	4.956	1.18	0
162	5.192	1.18	0
163	5.428	1.18	0
164	5.664	1.18	0
165	5.9	1.18	0
166	6.136	1.18	0
167	6.372	1.18	0
168	0	1.416	0
169	0.236	1.416	0
170	0.472	1.416	0
171	0.708	1.416	0
172	0.944	1.416	0
173	1.18	1.416	0
174	1.416	1.416	0
175	1.652	1.416	0
176	1.888	1.416	0
177	2.124	1.416	0
178	2.36	1.416	0
179	2.596	1.416	0
180	2.832	1.416	0
181	3.068	1.416	0
182	3.304	1.416	0
183	3.54	1.416	0
184	3.776	1.416	0
185	4.012	1.416	0
186	4.248	1.416	0
187	4.484	1.416	0
188	4.72	1.416	0
189	4.956	1.416	0
190	5.192	1.416	0
191	5.428	1.416	0
192	5.664	1.416	0
193	5.9	1.416	0
194	6.136	1.416	0
195	6.372	1.416	0
196	0	1.652	0
197	0.236	1.652	0
198	0.472	1.652	0
199	0.708	1.652	0
200	0.944	1.652	0
201	1.18	1.652	0
202	1.416	1.652	0
203	1.652	1.652	0
204	1.888	1.652	0
205	2.124	1.652	0
206	2.36	1.652	0
207	2.596	1.652	0
208	2.832	1.652	0
209	3.068	1.652	0
210	3.304	1.652	0
211	3.54	1.652	0
212	3.776	1.652	0
213	4.012	1.652	0
214	4.248	1.652	0
215	4.484	1.652	0
216	4.72	1.652	0
217	4.956	1.652	0
218	5.192	1.652	0
219	5.428	1.652	0
220	5.664	1.652	0
221	5.9	1.652	0
222	6.136	1.652	0
223	6.372	1.652	0
224	0	1.888	0
225	0.236	1.888	0
226	0.472	1.888	0
227	0.708	1.888	0
228	0.944	1.888	0
229	1.18	1.888	0
230	1.416	1.888	0
231	1.652	1.888	0
232	1.888	1.888	0
233	2.124	1.888	0
234	2.36	1.888	0
235	2.596	1.888	0
236	2.832	1.888	0
237	3.068	1.888	0
238	3.304	1.888	0
239	3.54	1.888	0
240	3.776	1.888	0
241	4.012	1.888	0
242	4.248	1.888	0
243	4.484	1.888	0
244	4.72	1.888	0
245	4.956	1.888	0
246	5.192	1.888	0
247	5.428	1.888	0
248	5.664	1.888	0
249	5.9	1.888	0
250	6.136	1.888	0
251	6.372	1.888	0
252	0	2.124	0
253	0.236	2.124	0
254	0.472	2.124	0
255	0.708	2.124	0
256	0.944	2.124	0
257	1.18	2.124	0
258	1.416	2.124	0
259	1.652	2.124	0
260	1.888	2.124	0
261	2.124	2.124	0
262	2.36	2.124	0
263	2.596	2.124	0
264	2.832	2.124	0
265	3.068	2.124	0
266	3.304	2.124	0
267	3.54	2.124	0
268	3.776	2.124	0
269	4.012	2.124	0
270	4.248	2.124	0
271	4.484	2.124	0
272	4.72	2.124	0
273	4.956	2.124	0
274	5.192	2.124	0
275	5.428	2.124	0
276	5.664	2.124	0
277	5.9	2.124	0
278	6.136	2.124	0
279	6.372	2.124	0
280	0	2.36	0
281	0.236	2.36	0
282	0.472	2.36	0
283	0.708	2.36	0
284	0.944	2.36	0
285	1.18	2.36	0
286	1.416	2.36	0
287	1.652	2.36	0
288	1.888	2.36	0
289	2.124	2.36	0
290	2.36	2.36	0
291	2.596	2.36	0
292	2.832	2.36	0
293	3.068	2.36	0
294	3.304	2.36	0
295	3.54	2.36	0
296	3.776	2.36	0
297	4.012	2.36	0
298	4.248	2.36	0
299	4.484	2.36	0
300	4.72	2.36	0
301	4.956	2.36	0
302	5.192	2.36	0
303	5.428	2.36	0
304	5.664	2.36	0
305	5.9	2.36	0
306	6.136	2.36	0
307	6.372	2.36	0
308	0	2.596	0
309	0.236	2.596	0
310	0.472	2.596	0
311	0.708	2.596	0
312	0.944	2.596	0
313	1.18	2.596	0
314	1.416	2.596	0
315	1.652	2.596	0
316	1.888	2.596	0
317	2.124	2.596	0
318	2.36	2.596	0
319	2.596	2.596	0
320	2.832	2.596	0
321	3.068	2.596	0
322	3.304	2.596	0
323	3.54	2.596	0
324	3.776	2.596	0
325	4.012	2.596	0
326	4.248	2.596	0
327	4.484	2.596	0
328	4.72	2.596	0
329	4.956	2.596	0
330	5.192	2.596	0
331	5.428	2.596	0
332	5.664	2.596	0
333	5.9	2.596	0
334	6.136	2.596	0
335	6.372	2.596	0
336	0	2.832	0
337	0.236	2.832	0
338	0.472	2.832	0
339	0.708	2.832	0
340	0.944	2.832	0
341	1.18	2.832	0
342	1.416	2.832	0
343	1.652	2.832	0
344	1.888	2.832	0
345	2.124	2.832	0
346	2.36	2.832	0
347	2.596	2.832	0
348	2.832	2.832	0
349	3.068	2.832	0
350	3.304	2.832	0
351	3.54	2.832	0
352	3.776	2.832	0
353	4.012	2.832	0
354	4.248	2.832	0
355	4.484	2.832	0
356	4.72	2.832	0
357	4.956	2.832	0
358	5.192	2.832	0
359	5.428	2.832	0
360	5.664	2.832	0
361	5.9	2.832	0
362	6.136	2.832	0
363	6.372	2.832	0
364	0	3.068	0
365	0.236	3.068	0
366	0.472	3.068	0
367	0.708	3.068	0
368	0.944	3.068	0
369	1.18	3.068	0
370	1.416	3.068	0
371	1.652	3.068	0
372	1.888	3.068	0
373	2.124	3.068	0
374	2.36	3.068	0
375	2.596	3.068	0
376	2.832	3.068	0
377	3.068	3.068	0
378	3.304	3.068	0
379	3.54	3.068	0
380	3.776	3.068	0
381	4.012	3.068	0
382	4.248	3.068	0
383	4.484	3.068	0
384	4.72	3.068	0
385	4.956	3.068	0
386	5.192	3.068	0
387	5.428	3.068	0
388	5.664	3.068	0
389	5.9	3.068	0
390	6.136	3.068	0
391	6.372	3.068	0
392	0	3.304	0
393	0.236	3.304	0
394	0.472	3.304	0
395	0.708	3.304	0
396	0.944	3.304	0
397	1.18	3.304	0
398	1.416	3.304	0
399	1.652	3.304	0
400	1.888	3.304	0
401	2.124	3.304	0
402	2.36	3.304	0
403	2.596	3.304	0
404	2.832	3.304	0
405	3.068	3.304	0
406	3.304	3.304	0
407	3.54	3.304	0
408	3.776	3.304	0
409	4.012	3.304	0
410	4.248	3.304	0
411	4.484	3.304	0
412	4.72	3.304	0
413	4.956	3.304	0
414	5.192	3.304	0
415	5.428	3.304	0
416	5.664	3.304	0
417	5.9	3.304	0
418	6.136	3.304	0
419	6.372	3.304	0
420	0	3.54	0
421	0.236	3.54	0
422	0.472	3.54	0
423	0.708	3.54	0
424	0.944	3.54	0
425	1.18	3.54	0
426	1.416	3.54	0
427	1.652	3.54	0
428	1.888	3.54	0
429	2.124	3.54	0
430	2.36	3.54	0
431	2.596	3.54	0
432	2.832	3.54	0
433	3.068	3.54	0
434	3.304	3.54	0
435	3.54	3.54	0
436	3.776	3.54	0
437	4.012	3.54	0
438	4.248	3.54	0
439	4.484	3.54	0
440	4.72	3.54	0
441	4.956	3.54	0
442	5.192	3.54	0
443	5.428	3.54	0
444	5.664	3.54	0
445	5.9	3.54	0
446	6.136	3.54	0
447	6.372	3.54	0
448	0	3.776	0
449	0.236	3.776	0
450	0.472	3.776	0
451	0.708	3.776	0
452	0.944	3.776	0
453	1.18	3.776	0
454	1.416	3.776	0
455	1.652	3.776	0
456	1.888	3.776	0
457	2.124	3.776	0
458	2.36	3.776	0
459	2.596	3.776	0
460	2.832	3.776	0
461	3.068	3.776	0
462	3.304	3.776	0
463	3.54	3.776	0
464	3.776	3.776	0
465	4.012	3.776	0
466	4.248	3.776	0
467	4.484	3.776	0
468	4.72	3.776	0
469	4.956	3.776	0
470	5.192	3.776	0
471	5.428	3.776	0
472	5.664	3.776	0
473	5.9	3.776	0
474	6.136	3.776	0
475	6.372	3.776	0
476	0	4.012	0
477	0.236	4.012	0
478	0.472	4.012	0
479	0.708	4.012	0
480	0.944	4.012	0
481	1.18	4.012	0
482	1.416	4.012	0
483	1.652	4.012	0
484	1.888	4.012	0
485	2.124	4.012	0
486	2.36	4.012	0
487	2.596	4.012	0
488	2.832	4.012	0
489	3.068	4.012	0
490	3.304	4.012	0
491	3.54	4.012	0
492	3.776	4.012	0
493	4.012	4.012	0
494	4.248	4.012	0
495	4.484	4.012	0
496	4.72	4.012	0
497	4.956	4.012	0
498	5.192	4.012	0
499	5.428	4.012	0
500	5.664	4.012	0
501	5.9	4.012	0
502	6.136	4.012	0
503	6.372	4.012	0
504	0	4.248	0
505	0.236	4.248	0
506	0.472	4.248	0
507	0.708	4.248	0
508	0.944	4.248	0
509	1.18	4.248	0
510	1.416	4.248	0
511	1.652	4.248	0
512	1.888	4.248	0
513	2.124	4.248	0
514	2.36	4.248	0
515	2.596	4.248	0
516	2.832	4.248	0
517	3.068	4.248	0
518	3.304	4.248	0
519	3.54	4.248	0
520	3.776	4.248	0
521	4.012	4.248	0
522	4.248	4.248	0
523	4.484	4.248	0
524	4.72	4.248	0
525	4.956	4.248	0
526	5.192	4.248	0
527	5.428	4.248	0
528	5.664	4.248	0
529	5.9	4.248	0
530	6.136	4.248	0
531	6.372	4.248	0
532	0	4.484	0
533	0.236	4.484	0
534	0.472	4.484	0
535	0.708	4.484	0
536	0.944	4.484	0
537	1.18	4.484	0
538	1.416	4.484	0
539	1.652	4.484	0
540	1.888	4.484	0
541	2.124	4.484	0
542	2.36	4.484	0
543	2.596	4.484	0
544	2.832	4.484	0
545	3.068	4.484	0
546	3.304	4.484	0
547	3.54	4.484	0
548	3.776	4.484	0
549	4.012	4.484	0
550	4.248	4.484	0
551	4.484	4.484	0
552	4.72	4.484	0
553	4.956	4.484	0
554	5.192	4.484	0
555	5.428	4.484	0
556	5.664	4.484	0
557	5.9	4.484	0
558	6.136	4.484	0
559	6.372	4.484	0
560	0	4.72	0
561	0.236	4.72	0
562	0.472	4.72	0
563	0.708	4.72	0
564	0.944	4.72	0
565	1.18	4.72	0
566	1.416	4.72	0
567	1.652	4.72	0
568	1.888	4.72	0
569	2.124	4.72	0
570	2.36	4.72	0
571	2.596	4.72	0
572	2.832	4.72	0
573	3.068	4.72	0
574	3.304	4.72	0
575	3.54	4.72	0
576	3.776	4.72	0
577	4.012	4.72	0
578	4.248	4.72	0
579	4.484	4.72	0
580	4.72	4.72	0
581	4.956	4.72	0
582	5.192	4.72	0
583	5.428	4.72	0
584	5.664	4.72	0
585	5.9	4.72	0
586	6.136	4.72	0
587	6.372	4.72	0
588	0	4.956	0
589	0.236	4.956	0
590	0.472	4.956	0
591	0.708	4.956	0
592	0.944	4.956	0
593	1.18	4.956	0
594	1.416	4.956	0
595	1.652	4.956	0
596	1.888	4.956	0
597	2.124	4.956	0
598	2.36	4.956	0
599	2.596	4.956	0
600	2.832	4.956	0
601	3.068	4.956	0
602	3.304	4.956	0
603	3.54	4.956	0
604	3.776	4.956	0
605	4.012	4.956	0
606	4.248	4.956	0
607	4.484	4.956	0
608	4.72	4.956	0
609	4.956	4.956	0
610	5.192	4.956	0
611	5.428	4.956	0
612	5.664	4.956	0
613	5.9	4.956	0
614	6.136	4.956	0
615	6.372	4.956	0
