Drive	Sense	Phase	Amp	Gain	Offset
0	0	33	50	125	80
0	1	31	53	125	81
0	2	28	61	125	68
0	3	28	64	125	61
0	4	29	58	125	70
0	5	32	52	125	79
0	6	29	63	125	63
0	7	29	66	125	66
0	8	28	69	125	57
0	9	30	61	125	67
0	10	32	57	125	71
0	11	30	64	125	64
0	12	28	70	125	56
0	13	29	66	125	66
0	14	28	70	125	55
0	15	28	73	125	50
0	16	28	65	125	63
0	17	29	64	125	66
0	18	28	69	125	64
0	19	28	66	125	58
0	20	28	65	125	63
0	21	30	65	125	65
0	22	30	63	125	66
0	23	30	65	125	61
0	24	29	69	125	62
0	25	29	70	125	53
0	26	29	73	125	59
1	0	29	60	125	65
1	1	29	61	125	64
1	2	28	63	125	68
1	3	28	64	125	64
1	4	28	62	125	64
1	5	29	64	125	63
1	6	29	64	125	63
1	7	28	69	125	54
1	8	28	69	125	57
1	9	29	65	125	66
1	10	28	73	125	54
1	11	29	73	125	55
1	12	29	66	125	63
1	13	29	64	125	59
1	14	30	66	125	62
1	15	31	62	125	66
1	16	29	61	125	70
1	17	28	70	125	56
1	18	27	73	125	49
1	19	27	68	125	58
1	20	29	63	125	63
1	21	29	66	125	62
1	22	29	68	125	56
1	23	29	67	125	58
1	24	28	73	125	45
1	25	31	62	125	67
1	26	29	69	125	56
2	0	29	61	125	65
2	1	28	64	125	64
2	2	28	66	125	62
2	3	28	64	125	65
2	4	28	65	125	66
2	5	29	62	125	67
2	6	29	63	125	67
2	7	27	73	125	46
2	8	28	68	125	59
2	9	28	69	125	56
2	10	28	73	125	53
2	11	28	73	125	51
2	12	29	64	125	61
2	13	29	65	125	62
2	14	29	68	125	60
2	15	32	57	125	77
2	16	30	59	125	69
2	17	28	69	125	57
2	18	30	60	125	68
2	19	27	70	125	56
2	20	28	67	125	59
2	21	29	67	125	61
2	22	30	65	125	63
2	23	30	64	125	63
2	24	29	71	125	53
2	25	32	59	125	70
2	26	30	73	125	53
3	0	30	58	125	74
3	1	29	63	125	68
3	2	28	65	125	60
3	3	28	63	125	70
3	4	28	66	125	61
3	5	28	68	125	59
3	6	29	64	125	69
3	7	28	73	125	49
3	8	28	68	125	59
3	9	28	70	125	57
3	10	28	70	125	59
3	11	28	69	125	54
3	12	29	64	125	61
3	13	29	67	125	62
3	14	28	74	125	48
3	15	29	68	125	56
3	16	28	67	125	58
3	17	28	69	125	62
3	18	31	58	125	71
3	19	27	68	125	59
3	20	28	66	125	59
3	21	29	66	125	58
3	22	28	68	125	59
3	23	29	67	125	58
3	24	29	70	125	58
3	25	32	59	125	69
3	26	31	63	125	64
4	0	29	62	125	71
4	1	28	64	125	65
4	2	28	65	125	65
4	3	28	64	125	63
4	4	29	59	125	70
4	5	29	63	125	66
4	6	29	66	125	60
4	7	29	64	125	64
4	8	30	62	125	66
4	9	30	62	125	62
4	10	28	67	125	61
4	11	28	68	125	57
4	12	30	64	125	66
4	13	29	68	125	64
4	14	29	68	125	60
4	15	29	68	125	64
4	16	27	74	125	50
4	17	28	69	125	61
4	18	28	67	125	59
4	19	27	69	125	57
4	20	27	68	125	54
4	21	29	66	125	60
4	22	29	66	125	64
4	23	30	63	125	65
4	24	29	71	125	54
4	25	29	73	125	54
4	26	28	78	125	53
5	0	29	62	125	66
5	1	28	64	125	63
5	2	28	63	125	66
5	3	29	58	125	70
5	4	30	58	125	72
5	5	30	58	125	66
5	6	29	61	125	69
5	7	29	63	125	64
5	8	31	60	125	72
5	9	32	57	125	78
5	10	28	71	125	54
5	11	28	73	125	52
5	12	30	61	125	63
5	13	32	57	125	70
5	14	29	66	125	60
5	15	27	74	125	49
5	16	27	70	125	55
5	17	29	62	125	66
5	18	27	70	125	59
5	19	28	66	125	67
5	20	28	66	125	61
5	21	29	64	125	61
5	22	29	65	125	59
5	23	29	64	125	61
5	24	29	69	125	61
5	25	28	75	125	49
5	26	28	75	125	51
6	0	29	61	125	70
6	1	29	60	125	72
6	2	28	63	125	65
6	3	29	60	125	71
6	4	28	64	125	66
6	5	29	64	125	64
6	6	29	62	125	68
6	7	29	65	125	66
6	8	29	68	125	59
6	9	31	58	125	73
6	10	30	62	125	65
6	11	29	67	125	63
6	12	28	68	125	60
6	13	29	65	125	64
6	14	27	76	125	51
6	15	27	74	125	52
6	16	27	69	125	55
6	17	27	69	125	58
6	18	28	73	125	53
6	19	28	67	125	62
6	20	28	67	125	63
6	21	29	65	125	65
6	22	30	64	125	60
6	23	31	60	125	73
6	24	30	67	125	59
6	25	29	70	125	56
6	26	28	77	125	48
7	0	28	65	125	56
7	1	29	64	125	61
7	2	29	59	125	65
7	3	28	64	125	65
7	4	29	58	125	67
7	5	30	60	125	73
7	6	28	63	125	62
7	7	29	65	125	61
7	8	28	68	125	56
7	9	30	63	125	68
7	10	30	60	125	66
7	11	30	62	125	68
7	12	29	67	125	55
7	13	31	59	125	68
7	14	30	67	125	59
7	15	30	65	125	63
7	16	29	63	125	68
7	17	31	57	125	70
7	18	31	58	125	65
7	19	28	67	125	60
7	20	28	67	125	65
7	21	29	66	125	58
7	22	32	57	125	61
7	23	31	61	125	60
7	24	29	68	125	52
7	25	30	68	125	61
7	26	31	65	125	63
8	0	30	55	125	71
8	1	30	59	125	68
8	2	29	61	125	63
8	3	29	57	125	74
8	4	29	60	125	68
8	5	30	60	125	67
8	6	29	62	125	66
8	7	29	65	125	60
8	8	29	67	125	63
8	9	30	63	125	69
8	10	29	64	125	66
8	11	29	66	125	61
8	12	28	73	125	49
8	13	29	67	125	60
8	14	31	60	125	64
8	15	30	63	125	61
8	16	29	62	125	61
8	17	29	61	125	68
8	18	30	59	125	66
8	19	28	64	125	62
8	20	28	67	125	63
8	21	30	65	125	65
8	22	29	69	125	58
8	23	29	65	125	62
8	24	29	66	125	61
8	25	30	68	125	62
8	26	31	65	125	63
9	0	30	58	125	71
9	1	30	58	125	65
9	2	32	50	125	88
9	3	28	63	125	67
9	4	28	61	125	66
9	5	28	68	125	61
9	6	29	62	125	70
9	7	29	64	125	62
9	8	28	68	125	56
9	9	29	63	125	64
9	10	29	65	125	60
9	11	28	68	125	61
9	12	29	66	125	63
9	13	29	66	125	64
9	14	30	67	125	63
9	15	28	73	125	50
9	16	28	66	125	60
9	17	28	73	125	54
9	18	28	65	125	61
9	19	29	63	125	65
9	20	27	66	125	59
9	21	30	63	125	66
9	22	30	64	125	62
9	23	29	67	125	54
9	24	31	64	125	64
9	25	30	67	125	58
9	26	28	73	125	48
10	0	31	54	125	78
10	1	30	57	125	71
10	2	30	57	125	74
10	3	28	64	125	64
10	4	29	59	125	65
10	5	28	65	125	65
10	6	29	62	125	71
10	7	29	65	125	61
10	8	30	65	125	64
10	9	30	61	125	68
10	10	30	63	125	62
10	11	29	73	125	55
10	12	28	73	125	50
10	13	29	67	125	60
10	14	28	74	125	53
10	15	29	66	125	63
10	16	28	65	125	64
10	17	28	67	125	59
10	18	27	70	125	56
10	19	29	62	125	68
10	20	28	67	125	59
10	21	30	65	125	64
10	22	30	64	125	59
10	23	31	60	125	68
10	24	30	64	125	63
10	25	31	66	125	63
10	26	30	68	125	60
11	0	31	54	125	80
11	1	28	64	125	64
11	2	28	63	125	64
11	3	28	60	125	69
11	4	29	60	125	63
11	5	29	62	125	66
11	6	29	62	125	65
11	7	30	63	125	72
11	8	31	61	125	73
11	9	30	65	125	61
11	10	30	62	125	71
11	11	29	68	125	60
11	12	29	68	125	62
11	13	30	63	125	64
11	14	30	64	125	60
11	15	31	63	125	64
11	16	28	65	125	65
11	17	29	60	125	69
11	18	29	62	125	68
11	19	29	60	125	66
11	20	29	63	125	67
11	21	30	63	125	71
11	22	30	63	125	67
11	23	31	59	125	69
11	24	31	64	125	66
11	25	30	68	125	56
11	26	31	66	125	59
12	0	29	63	125	68
12	1	28	67	125	60
12	2	28	64	125	61
12	3	29	58	125	68
12	4	28	65	125	58
12	5	29	64	125	63
12	6	29	61	125	68
12	7	29	64	125	60
12	8	29	65	125	59
12	9	30	63	125	64
12	10	29	66	125	68
12	11	28	69	125	56
12	12	28	68	125	57
12	13	29	65	125	62
12	14	30	64	125	62
12	15	30	65	125	62
12	16	28	66	125	63
12	17	29	61	125	64
12	18	29	61	125	64
12	19	29	61	125	64
12	20	28	64	125	61
12	21	29	65	125	59
12	22	29	66	125	57
12	23	30	63	125	60
12	24	31	63	125	69
12	25	30	66	125	62
12	26	30	73	125	52
13	0	30	57	125	61
13	1	28	64	125	66
13	2	28	61	125	64
13	3	29	60	125	68
13	4	28	62	125	64
13	5	29	62	125	64
13	6	28	65	125	60
13	7	29	64	125	65
13	8	29	67	125	61
13	9	30	63	125	62
13	10	28	73	125	52
13	11	28	74	125	50
13	12	28	73	125	49
13	13	28	70	125	51
13	14	28	73	125	52
13	15	28	73	125	48
13	16	28	67	125	56
13	17	28	66	125	56
13	18	30	59	125	72
13	19	29	60	125	66
13	20	29	64	125	65
13	21	30	64	125	69
13	22	30	67	125	60
13	23	30	63	125	68
13	24	30	65	125	61
13	25	29	73	125	47
13	26	29	74	125	49
14	0	33	48	125	89
14	1	29	62	125	70
14	2	29	59	125	71
14	3	29	60	125	70
14	4	29	58	125	63
14	5	30	60	125	68
14	6	29	65	125	59
14	7	29	64	125	60
14	8	30	64	125	65
14	9	30	63	125	66
14	10	28	73	125	51
14	11	27	74	125	50
14	12	28	69	125	61
14	13	29	69	125	59
14	14	28	73	125	54
14	15	30	64	125	58
14	16	28	67	125	59
14	17	27	71	125	51
14	18	29	66	125	61
14	19	28	66	125	60
14	20	28	65	125	59
14	21	29	63	125	63
14	22	30	63	125	57
14	23	29	65	125	56
14	24	30	66	125	63
14	25	30	69	125	58
14	26	30	66	125	59
15	0	32	50	125	88
15	1	29	62	125	66
15	2	29	61	125	69
15	3	28	61	125	64
15	4	29	57	125	68
15	5	29	60	125	70
15	6	28	64	125	60
15	7	29	64	125	64
15	8	30	63	125	64
15	9	31	58	125	68
15	10	30	61	125	61
15	11	31	60	125	70
15	12	29	64	125	58
15	13	32	58	125	72
15	14	30	65	125	63
15	15	31	60	125	64
15	16	29	61	125	70
15	17	29	61	125	68
15	18	28	66	125	64
15	19	29	60	125	64
15	20	28	64	125	61
15	21	30	64	125	65
15	22	30	62	125	66
15	23	30	64	125	65
15	24	30	65	125	65
15	25	29	69	125	54
15	26	30	69	125	55
16	0	31	52	125	83
16	1	29	62	125	62
16	2	29	60	125	65
16	3	29	58	125	71
16	4	30	54	125	76
16	5	30	59	125	70
16	6	31	57	125	78
16	7	29	63	125	62
16	8	30	62	125	64
16	9	30	64	125	63
16	10	30	61	125	66
16	11	30	64	125	62
16	12	31	60	125	64
16	13	31	60	125	67
16	14	33	57	125	68
16	15	31	60	125	68
16	16	30	58	125	67
16	17	31	54	125	76
16	18	31	57	125	66
16	19	29	60	125	67
16	20	29	60	125	67
16	21	30	63	125	66
16	22	30	63	125	62
16	23	31	60	125	67
16	24	31	62	125	63
16	25	30	67	125	53
16	26	31	64	125	61
17	0	30	57	125	66
17	1	29	62	125	69
17	2	29	60	125	66
17	3	29	58	125	72
17	4	30	57	125	70
17	5	30	57	125	69
17	6	31	57	125	70
17	7	30	61	125	65
17	8	31	61	125	68
17	9	30	63	125	60
17	10	31	59	125	71
17	11	31	60	125	72
17	12	29	65	125	63
17	13	29	68	125	59
17	14	29	66	125	59
17	15	28	73	125	56
17	16	29	64	125	64
17	17	30	59	125	71
17	18	31	57	125	64
17	19	30	58	125	73
17	20	29	60	125	67
17	21	30	62	125	65
17	22	30	64	125	61
17	23	30	64	125	59
17	24	30	67	125	57
17	25	30	69	125	59
17	26	29	73	125	45
18	0	29	60	125	63
18	1	29	60	125	66
18	2	29	58	125	69
18	3	30	57	125	64
18	4	30	57	125	61
18	5	30	59	125	69
18	6	30	60	125	65
18	7	30	60	125	64
18	8	31	60	125	63
18	9	31	59	125	68
18	10	31	59	125	70
18	11	31	59	125	75
18	12	30	64	125	60
18	13	30	64	125	65
18	14	30	66	125	62
18	15	31	61	125	65
18	16	29	61	125	64
18	17	29	63	125	65
18	18	30	61	125	71
18	19	29	62	125	63
18	20	29	61	125	63
18	21	29	64	125	62
18	22	29	66	125	56
18	23	30	64	125	63
18	24	29	68	125	54
18	25	29	70	125	56
18	26	30	70	125	59
19	0	31	54	125	76
19	1	30	58	125	73
19	2	30	57	125	72
19	3	30	57	125	66
19	4	30	57	125	68
19	5	30	57	125	70
19	6	30	60	125	67
19	7	31	58	125	71
19	8	31	58	125	69
19	9	31	59	125	66
19	10	31	59	125	63
19	11	31	59	125	65
19	12	30	62	125	64
19	13	31	60	125	71
19	14	32	58	125	74
19	15	33	57	125	65
19	16	29	61	125	68
19	17	30	61	125	68
19	18	31	57	125	62
19	19	30	58	125	76
19	20	29	60	125	62
19	21	30	64	125	61
19	22	30	66	125	61
19	23	30	64	125	67
19	24	30	67	125	60
19	25	29	70	125	56
19	26	29	73	125	49
20	0	32	49	125	88
20	1	30	59	125	68
20	2	30	57	125	71
20	3	30	54	125	72
20	4	30	57	125	67
20	5	30	58	125	65
20	6	30	61	125	67
20	7	30	59	125	67
20	8	32	57	125	80
20	9	31	60	125	72
20	10	31	60	125	69
20	11	31	60	125	67
20	12	30	61	125	63
20	13	31	60	125	68
20	14	31	61	125	69
20	15	30	63	125	65
20	16	29	64	125	60
20	17	29	62	125	58
20	18	30	59	125	65
20	19	30	59	125	69
20	20	29	61	125	69
20	21	30	64	125	64
20	22	30	63	125	66
20	23	29	64	125	64
20	24	30	66	125	63
20	25	30	68	125	60
20	26	30	69	125	60
