Drive	Sense	Phase	Amp	Gain	Offset
0	0	43	65	80	100
0	1	43	65	80	101
0	2	43	65	80	102
0	3	43	65	80	104
0	4	43	65	80	105
0	5	43	65	80	105
0	6	43	65	80	105
0	7	43	65	80	108
0	8	43	65	80	107
0	9	43	65	80	109
0	10	43	65	80	109
0	11	43	65	80	108
0	12	43	65	80	107
0	13	43	65	80	107
0	14	43	65	80	107
0	15	43	65	80	107
1	0	43	65	80	101
1	1	43	65	80	103
1	2	43	65	80	101
1	3	43	65	80	103
1	4	43	65	80	104
1	5	43	65	80	103
1	6	43	65	80	101
1	7	43	65	80	99
1	8	43	65	80	105
1	9	43	65	80	105
1	10	43	65	80	108
1	11	43	65	80	106
1	12	43	65	80	107
1	13	43	65	80	106
1	14	43	65	80	108
1	15	43	65	80	108
2	0	43	65	80	102
2	1	43	65	80	102
2	2	43	65	80	101
2	3	43	65	80	102
2	4	43	65	80	102
2	5	43	65	80	103
2	6	43	65	80	101
2	7	43	65	80	104
2	8	43	65	80	104
2	9	43	65	80	103
2	10	43	65	80	106
2	11	43	65	80	107
2	12	43	65	80	107
2	13	43	65	80	105
2	14	43	65	80	106
2	15	43	65	80	105
3	0	43	65	80	101
3	1	43	65	80	101
3	2	43	65	80	100
3	3	43	65	80	101
3	4	43	65	80	103
3	5	43	65	80	103
3	6	43	65	80	105
3	7	43	65	80	103
3	8	43	65	80	104
3	9	43	65	80	104
3	10	43	65	80	106
3	11	43	65	80	106
3	12	43	65	80	106
3	13	43	65	80	107
3	14	43	65	80	105
3	15	43	65	80	103
4	0	43	65	80	98
4	1	43	65	80	101
4	2	43	65	80	101
4	3	43	65	80	102
4	4	43	65	80	103
4	5	43	65	80	103
4	6	43	65	80	104
4	7	43	65	80	104
4	8	43	65	80	104
4	9	43	65	80	105
4	10	43	65	80	107
4	11	43	65	80	107
4	12	43	65	80	106
4	13	43	65	80	106
4	14	43	65	80	106
4	15	43	65	80	105
5	0	43	65	80	97
5	1	43	65	80	101
5	2	43	65	80	100
5	3	43	65	80	102
5	4	43	65	80	104
5	5	43	65	80	103
5	6	43	65	80	105
5	7	43	65	80	105
5	8	43	65	80	105
5	9	43	65	80	106
5	10	43	65	80	108
5	11	43	65	80	108
5	12	43	65	80	106
5	13	43	65	80	106
5	14	43	65	80	107
5	15	43	65	80	106
6	0	43	65	80	101
6	1	43	65	80	102
6	2	43	65	80	101
6	3	43	65	80	103
6	4	43	65	80	103
6	5	43	65	80	103
6	6	43	65	80	105
6	7	43	65	80	105
6	8	43	65	80	105
6	9	43	65	80	108
6	10	43	65	80	109
6	11	43	65	80	110
6	12	43	65	80	108
6	13	43	65	80	109
6	14	43	65	80	109
6	15	43	65	80	105
7	0	43	65	80	97
7	1	43	65	80	102
7	2	43	65	80	102
7	3	43	65	80	104
7	4	43	65	80	105
7	5	43	65	80	103
7	6	43	65	80	106
7	7	43	65	80	105
7	8	43	65	80	106
7	9	43	65	80	108
7	10	43	65	80	109
7	11	43	65	80	110
7	12	43	65	80	110
7	13	43	65	80	110
7	14	43	65	80	108
7	15	43	65	80	103
8	0	43	65	80	102
8	1	43	65	80	102
8	2	43	65	80	102
8	3	43	65	80	103
8	4	43	65	80	104
8	5	43	65	80	105
8	6	43	65	80	106
8	7	43	65	80	106
8	8	43	65	80	107
8	9	43	65	80	108
8	10	43	65	80	109
8	11	43	65	80	110
8	12	43	65	80	110
8	13	43	65	80	110
8	14	43	65	80	109
8	15	43	65	80	107
9	0	43	65	80	100
9	1	43	65	80	103
9	2	43	65	80	102
9	3	43	65	80	101
9	4	43	65	80	103
9	5	43	65	80	106
9	6	43	65	80	107
9	7	43	65	80	108
9	8	43	65	80	107
9	9	43	65	80	109
9	10	43	65	80	109
9	11	43	65	80	111
9	12	43	65	80	112
9	13	43	65	80	111
9	14	43	65	80	110
9	15	43	65	80	108
10	0	43	65	80	103
10	1	43	65	80	104
10	2	43	65	80	102
10	3	43	65	80	104
10	4	43	65	80	104
10	5	43	65	80	105
10	6	43	65	80	107
10	7	43	65	80	108
10	8	43	65	80	109
10	9	43	65	80	109
10	10	43	65	80	110
10	11	43	65	80	110
10	12	43	65	80	109
10	13	43	65	80	110
10	14	43	65	80	110
10	15	43	65	80	104
11	0	43	65	80	101
11	1	43	65	80	105
11	2	43	65	80	103
11	3	43	65	80	104
11	4	43	65	80	105
11	5	43	65	80	106
11	6	43	65	80	107
11	7	43	65	80	107
11	8	43	65	80	107
11	9	43	65	80	108
11	10	43	65	80	110
11	11	43	65	80	110
11	12	43	65	80	109
11	13	43	65	80	108
11	14	43	65	80	106
11	15	43	65	80	101
12	0	43	65	80	100
12	1	43	65	80	102
12	2	43	65	80	103
12	3	43	65	80	105
12	4	43	65	80	107
12	5	43	65	80	107
12	6	43	65	80	107
12	7	43	65	80	107
12	8	43	65	80	107
12	9	43	65	80	108
12	10	43	65	80	110
12	11	43	65	80	111
12	12	43	65	80	109
12	13	43	65	80	108
12	14	43	65	80	104
12	15	43	65	80	101
13	0	43	65	80	101
13	1	43	65	80	102
13	2	43	65	80	103
13	3	43	65	80	104
13	4	43	65	80	106
13	5	43	65	80	107
13	6	43	65	80	107
13	7	43	65	80	107
13	8	43	65	80	106
13	9	43	65	80	107
13	10	43	65	80	109
13	11	43	65	80	110
13	12	43	65	80	110
13	13	43	65	80	107
13	14	43	65	80	105
13	15	43	65	80	101
14	0	43	65	80	100
14	1	43	65	80	102
14	2	43	65	80	102
14	3	43	65	80	104
14	4	43	65	80	106
14	5	43	65	80	107
14	6	43	65	80	107
14	7	43	65	80	106
14	8	43	65	80	105
14	9	43	65	80	105
14	10	43	65	80	108
14	11	43	65	80	109
14	12	43	65	80	109
14	13	43	65	80	108
14	14	43	65	80	104
14	15	43	65	80	103
15	0	43	65	80	101
15	1	43	65	80	104
15	2	43	65	80	104
15	3	43	65	80	103
15	4	43	65	80	104
15	5	43	65	80	104
15	6	43	65	80	106
15	7	43	65	80	105
15	8	43	65	80	104
15	9	43	65	80	105
15	10	43	65	80	108
15	11	43	65	80	107
15	12	43	65	80	107
15	13	43	65	80	105
15	14	43	65	80	105
15	15	43	65	80	108
16	16	43	65	80	94
16	17	43	65	80	97
16	18	43	65	80	97
16	19	43	65	80	100
16	20	43	65	80	103
16	21	43	65	80	102
16	22	43	65	80	103
16	23	43	65	80	102
16	24	43	65	80	106
16	25	43	65	80	106
16	26	43	65	80	103
16	27	43	65	80	106
16	28	43	65	80	109
16	29	43	65	80	105
16	30	43	65	80	103
16	31	43	65	80	103
17	16	43	65	80	97
17	17	43	65	80	99
17	18	43	65	80	101
17	19	43	65	80	103
17	20	43	65	80	104
17	21	43	65	80	102
17	22	43	65	80	103
17	23	43	65	80	104
17	24	43	65	80	105
17	25	43	65	80	106
17	26	43	65	80	106
17	27	43	65	80	108
17	28	43	65	80	109
17	29	43	65	80	108
17	30	43	65	80	106
17	31	43	65	80	103
18	16	43	65	80	96
18	17	43	65	80	101
18	18	43	65	80	102
18	19	43	65	80	103
18	20	43	65	80	104
18	21	43	65	80	104
18	22	43	65	80	102
18	23	43	65	80	105
18	24	43	65	80	105
18	25	43	65	80	106
18	26	43	65	80	108
18	27	43	65	80	108
18	28	43	65	80	107
18	29	43	65	80	108
18	30	43	65	80	107
18	31	43	65	80	106
19	16	43	65	80	101
19	17	43	65	80	103
19	18	43	65	80	105
19	19	43	65	80	105
19	20	43	65	80	105
19	21	43	65	80	105
19	22	43	65	80	104
19	23	43	65	80	105
19	24	43	65	80	105
19	25	43	65	80	106
19	26	43	65	80	108
19	27	43	65	80	106
19	28	43	65	80	106
19	29	43	65	80	106
19	30	43	65	80	107
19	31	43	65	80	105
20	16	43	65	80	101
20	17	43	65	80	104
20	18	43	65	80	106
20	19	43	65	80	107
20	20	43	65	80	107
20	21	43	65	80	106
20	22	43	65	80	105
20	23	43	65	80	105
20	24	43	65	80	105
20	25	43	65	80	106
20	26	43	65	80	106
20	27	43	65	80	107
20	28	43	65	80	108
20	29	43	65	80	107
20	30	43	65	80	107
20	31	43	65	80	111
21	16	43	65	80	103
21	17	43	65	80	107
21	18	43	65	80	106
21	19	43	65	80	105
21	20	43	65	80	108
21	21	43	65	80	109
21	22	43	65	80	109
21	23	43	65	80	108
21	24	43	65	80	107
21	25	43	65	80	107
21	26	43	65	80	106
21	27	43	65	80	107
21	28	43	65	80	106
21	29	43	65	80	106
21	30	43	65	80	107
21	31	43	65	80	117
22	16	43	65	80	104
22	17	43	65	80	107
22	18	43	65	80	107
22	19	43	65	80	107
22	20	43	65	80	108
22	21	43	65	80	110
22	22	43	65	80	110
22	23	43	65	80	110
22	24	43	65	80	109
22	25	43	65	80	109
22	26	43	65	80	107
22	27	43	65	80	107
22	28	43	65	80	108
22	29	43	65	80	108
22	30	43	65	80	108
22	31	43	65	80	110
23	16	43	65	80	105
23	17	43	65	80	107
23	18	43	65	80	108
23	19	43	65	80	109
23	20	43	65	80	108
23	21	43	65	80	108
23	22	43	65	80	109
23	23	43	65	80	109
23	24	43	65	80	108
23	25	43	65	80	107
23	26	43	65	80	107
23	27	43	65	80	107
23	28	43	65	80	106
23	29	43	65	80	107
23	30	43	65	80	109
23	31	43	65	80	111
24	16	43	65	80	105
24	17	43	65	80	109
24	18	43	65	80	109
24	19	43	65	80	110
24	20	43	65	80	109
24	21	43	65	80	110
24	22	43	65	80	109
24	23	43	65	80	109
24	24	43	65	80	108
24	25	43	65	80	107
24	26	43	65	80	107
24	27	43	65	80	105
24	28	43	65	80	104
24	29	43	65	80	107
24	30	43	65	80	108
24	31	43	65	80	111
25	16	43	65	80	107
25	17	43	65	80	110
25	18	43	65	80	109
25	19	43	65	80	111
25	20	43	65	80	111
25	21	43	65	80	110
25	22	43	65	80	110
25	23	43	65	80	109
25	24	43	65	80	110
25	25	43	65	80	109
25	26	43	65	80	108
25	27	43	65	80	107
25	28	43	65	80	107
25	29	43	65	80	108
25	30	43	65	80	108
25	31	43	65	80	106
26	16	43	65	80	108
26	17	43	65	80	111
26	18	43	65	80	111
26	19	43	65	80	112
26	20	43	65	80	111
26	21	43	65	80	111
26	22	43	65	80	112
26	23	43	65	80	112
26	24	43	65	80	112
26	25	43	65	80	110
26	26	43	65	80	109
26	27	43	65	80	111
26	28	43	65	80	110
26	29	43	65	80	109
26	30	43	65	80	109
26	31	43	65	80	107
27	16	43	65	80	110
27	17	43	65	80	113
27	18	43	65	80	112
27	19	43	65	80	113
27	20	43	65	80	113
27	21	43	65	80	113
27	22	43	65	80	113
27	23	43	65	80	114
27	24	43	65	80	113
27	25	43	65	80	112
27	26	43	65	80	112
27	27	43	65	80	112
27	28	43	65	80	111
27	29	43	65	80	110
27	30	43	65	80	109
27	31	43	65	80	108
28	16	43	65	80	109
28	17	43	65	80	112
28	18	43	65	80	113
28	19	43	65	80	113
28	20	43	65	80	113
28	21	43	65	80	113
28	22	43	65	80	112
28	23	43	65	80	112
28	24	43	65	80	112
28	25	43	65	80	112
28	26	43	65	80	111
28	27	43	65	80	112
28	28	43	65	80	111
28	29	43	65	80	111
28	30	43	65	80	110
28	31	43	65	80	109
29	16	43	65	80	108
29	17	43	65	80	112
29	18	43	65	80	114
29	19	43	65	80	113
29	20	43	65	80	113
29	21	43	65	80	112
29	22	43	65	80	113
29	23	43	65	80	111
29	24	43	65	80	111
29	25	43	65	80	112
29	26	43	65	80	113
29	27	43	65	80	113
29	28	43	65	80	113
29	29	43	65	80	111
29	30	43	65	80	109
29	31	43	65	80	108
30	16	43	65	80	110
30	17	43	65	80	113
30	18	43	65	80	114
30	19	43	65	80	111
30	20	43	65	80	108
30	21	43	65	80	108
30	22	43	65	80	111
30	23	43	65	80	108
30	24	43	65	80	109
30	25	43	65	80	110
30	26	43	65	80	114
30	27	43	65	80	114
30	28	43	65	80	113
30	29	43	65	80	113
30	30	43	65	80	109
30	31	43	65	80	108
31	16	43	65	80	107
31	17	43	65	80	107
31	18	43	65	80	105
31	19	43	65	80	100
31	20	43	65	80	100
31	21	43	65	80	100
31	22	43	65	80	103
31	23	43	65	80	104
31	24	43	65	80	97
31	25	43	65	80	104
31	26	43	65	80	108
31	27	43	65	80	109
31	28	43	65	80	103
31	29	43	65	80	110
31	30	43	65	80	104
31	31	43	65	80	85
